1 -2 1 1 1 4 1 
2 -2 1 1 2 4 1 
3 -2 1 1 3 4 1 
4 -2 1 2 1 1 60 
5 -2 1 2 1 2 1 
6 -2 1 2 1 4 1 
7 -2 1 2 2 4 1 
8 -2 1 2 3 1 60 
9 -2 1 2 3 4 1 
10 -2 1 3 1 1 72 
11 -2 1 3 1 4 1 
12 -2 1 3 2 4 1 
13 -2 1 3 3 1 72 
14 -2 1 3 3 4 1 
15 -2 1 4 1 4 1 
16 -2 1 4 3 4 1 
17 -2 2 1 1 4 1 
18 -2 2 1 2 4 1 
19 -2 2 1 3 4 1 
20 -2 2 2 1 1 60 
21 -2 2 2 1 4 1 
22 -2 2 2 2 4 1 
23 -2 2 2 3 1 60 
24 -2 2 2 3 4 1 
25 -2 2 3 1 1 72 
26 -2 2 3 1 4 1 
27 -2 2 3 2 4 1 
28 -2 2 3 3 1 72 
29 -2 2 3 3 4 1 
30 -2 2 4 1 4 1 
31 -2 2 4 3 1 14 
32 -2 2 4 3 4 1 
33 -2 3 1 1 4 1 
34 -2 3 1 2 4 1 
35 -2 3 1 3 3 8 
36 -2 3 1 3 4 1 
37 -2 3 2 1 1 60 
38 -2 3 2 1 4 1 
39 -2 3 2 2 4 1 
40 -2 3 2 3 1 60 
41 -2 3 2 3 4 1 
42 -2 3 3 1 1 72 
43 -2 3 3 1 4 1 
44 -2 3 3 2 4 1 
45 -2 3 3 3 1 72 
46 -2 3 3 3 4 1 
47 -2 3 4 1 4 1 
48 -2 3 4 3 4 1 
49 -2 4 1 1 4 1 
50 -2 4 1 2 4 1 
51 -2 4 1 3 4 1 
52 -2 4 2 1 1 60 
53 -2 4 2 1 4 1 
54 -2 4 2 2 4 1 
55 -2 4 2 3 1 60 
56 -2 4 2 3 4 1 
57 -2 4 3 1 1 72 
58 -2 4 3 1 3 25 
59 -2 4 3 1 4 1 
60 -2 4 3 2 4 1 
61 -2 4 3 3 1 72 
62 -2 4 3 3 4 1 
63 -2 4 4 1 1 72 
64 -2 4 4 1 4 1 
65 -2 4 4 3 1 72 
66 -2 4 4 3 4 1 
67 -2 5 1 1 4 1 
68 -2 5 1 2 4 1 
69 -2 5 1 3 4 1 
70 -2 5 2 1 1 60 
71 -2 5 2 1 4 1 
72 -2 5 2 2 4 1 
73 -2 5 2 3 1 60 
74 -2 5 2 3 4 1 
75 -2 5 3 1 1 72 
76 -2 5 3 1 4 1 
77 -2 5 3 2 4 1 
78 -2 5 3 3 1 72 
79 -2 5 3 3 4 1 
80 -2 5 4 1 4 1 
81 -2 5 4 3 4 1 
82 -2 6 1 1 4 1 
83 -2 6 1 2 2 8 
84 -2 6 1 2 4 1 
85 -2 6 1 3 4 1 
86 -2 6 2 1 1 60 
87 -2 6 2 1 4 1 
88 -2 6 2 2 4 1 
89 -2 6 2 3 1 60 
90 -2 6 2 3 4 1 
91 -2 6 3 1 1 72 
92 -2 6 3 1 4 1 
93 -2 6 3 2 4 1 
94 -2 6 3 3 1 72 
95 -2 6 3 3 4 1 
96 -2 6 4 1 4 1 
97 -2 6 4 3 4 1 
98 -2 7 1 1 4 1 
99 -2 7 1 2 4 1 
100 -2 7 1 3 4 1 
101 -2 7 2 1 1 18 
102 -2 7 2 1 1 60 
103 -2 7 2 1 4 1 
104 -2 7 2 2 4 1 
105 -2 7 2 3 1 60 
106 -2 7 2 3 4 1 
107 -2 7 3 1 1 72 
108 -2 7 3 1 4 1 
109 -2 7 3 2 4 1 
110 -2 7 3 3 1 72 
111 -2 7 3 3 4 1 
112 -2 7 4 1 4 1 
113 -2 7 4 3 4 1 
114 -2 8 1 1 4 1 
115 -2 8 1 2 4 1 
116 -2 8 1 3 4 1 
117 -2 8 2 1 1 60 
118 -2 8 2 1 4 1 
119 -2 8 2 2 4 1 
120 -2 8 2 3 1 60 
121 -2 8 2 3 4 1 
122 -2 8 3 1 1 72 
123 -2 8 3 1 4 1 
124 -2 8 3 2 4 1 
125 -2 8 3 3 1 72 
126 -2 8 3 3 3 2 
127 -2 8 3 3 4 1 
128 -2 8 4 1 1 92 
129 -2 8 4 1 4 1 
130 -2 8 4 3 1 92 
131 -2 8 4 3 4 1 
132 -2 9 1 1 4 1 
133 -2 9 1 2 4 1 
134 -2 9 1 3 4 1 
135 -2 9 2 1 1 60 
136 -2 9 2 1 4 1 
137 -2 9 2 2 4 1 
138 -2 9 2 3 1 60 
139 -2 9 2 3 4 1 
140 -2 9 3 1 1 72 
141 -2 9 3 1 4 1 
142 -2 9 3 2 4 1 
143 -2 9 3 3 1 72 
144 -2 9 3 3 4 1 
145 -2 9 4 1 1 48 
146 -2 9 4 1 4 1 
147 -2 9 4 3 1 48 
148 -2 9 4 3 4 1 
149 -2 10 1 1 4 1 
150 -2 10 1 2 4 1 
151 -2 10 1 3 4 1 
152 -2 10 2 1 1 60 
153 -2 10 2 1 2 13 
154 -2 10 2 1 4 1 
155 -2 10 2 2 4 1 
156 -2 10 2 3 1 60 
157 -2 10 2 3 4 1 
158 -2 10 3 1 1 72 
159 -2 10 3 1 4 1 
160 -2 10 3 1 4 36 
161 -2 10 3 2 4 1 
162 -2 10 3 3 1 72 
163 -2 10 3 3 4 1 
164 -2 10 4 1 1 60 
165 -2 10 4 1 3 17 
166 -2 10 4 1 4 1 
167 -2 10 4 3 1 60 
168 -2 10 4 3 4 1 
169 -2 11 1 1 4 1 
170 -2 11 1 2 4 1 
171 -2 11 1 3 4 1 
172 -2 11 2 1 1 60 
173 -2 11 2 1 4 1 
174 -2 11 2 2 4 1 
175 -2 11 2 3 1 60 
176 -2 11 2 3 4 1 
177 -2 11 3 1 1 72 
178 -2 11 3 1 4 1 
179 -2 11 3 2 1 6 
180 -2 11 3 2 4 1 
181 -2 11 3 3 1 72 
182 -2 11 3 3 4 1 
183 -2 11 4 1 1 48 
184 -2 11 4 1 4 1 
185 -2 11 4 3 1 48 
186 -2 11 4 3 4 1 
187 -2 12 1 1 4 1 
188 -2 12 1 2 4 1 
189 -2 12 1 3 4 1 
190 -2 12 2 1 1 60 
191 -2 12 2 1 4 1 
192 -2 12 2 2 4 1 
193 -2 12 2 3 1 60 
194 -2 12 2 3 4 1 
195 -2 12 3 1 1 72 
196 -2 12 3 1 4 1 
197 -2 12 3 1 4 19 
198 -2 12 3 2 4 1 
199 -2 12 3 3 1 72 
200 -2 12 3 3 4 1 
201 -2 12 4 1 1 92 
202 -2 12 4 1 4 1 
203 -2 12 4 3 1 92 
204 -2 12 4 3 4 1 
205 -2 13 4 1 1 72 
206 -2 13 4 1 4 1 
207 -2 13 4 3 1 72 
208 -2 13 4 3 4 1 
209 -2 14 4 1 1 60 
210 -2 14 4 1 4 1 
211 -2 14 4 3 1 60 
212 -2 14 4 3 4 1 
213 -1 1 1 1 4 1 
214 -1 1 1 2 4 1 
215 -1 1 1 3 4 1 
216 -1 1 2 1 1 60 
217 -1 1 2 1 4 1 
218 -1 1 2 2 4 1 
219 -1 1 2 3 1 60 
220 -1 1 2 3 3 3 
221 -1 1 2 3 4 1 
222 -1 1 2 3 4 42 
223 -1 1 3 1 1 72 
224 -1 1 3 1 4 1 
225 -1 1 3 2 4 1 
226 -1 1 3 3 1 72 
227 -1 1 3 3 4 1 
228 -1 1 4 1 4 1 
229 -1 1 4 3 4 1 
230 -1 2 1 1 4 1 
231 -1 2 1 2 4 1 
232 -1 2 1 3 4 1 
233 -1 2 2 1 1 32 
234 -1 2 2 1 1 60 
235 -1 2 2 1 4 1 
236 -1 2 2 2 4 1 
237 -1 2 2 3 1 60 
238 -1 2 2 3 3 60 
239 -1 2 2 3 4 1 
240 -1 2 3 1 1 72 
241 -1 2 3 1 4 1 
242 -1 2 3 2 4 1 
243 -1 2 3 3 1 72 
244 -1 2 3 3 4 1 
245 -1 2 4 1 4 1 
246 -1 2 4 3 4 1 
247 -1 2 4 3 4 9 
248 -1 3 1 1 4 1 
249 -1 3 1 2 1 48 
250 -1 3 1 2 4 1 
251 -1 3 1 3 4 1 
252 -1 3 2 1 1 60 
253 -1 3 2 1 4 1 
254 -1 3 2 2 1 48 
255 -1 3 2 2 4 1 
256 -1 3 2 3 1 60 
257 -1 3 2 3 4 1 
258 -1 3 3 1 1 72 
259 -1 3 3 1 4 1 
260 -1 3 3 2 1 48 
261 -1 3 3 2 4 1 
262 -1 3 3 3 1 72 
263 -1 3 3 3 4 1 
264 -1 3 4 1 4 1 
265 -1 3 4 3 4 1 
266 -1 4 1 1 4 1 
267 -1 4 1 2 4 1 
268 -1 4 1 3 4 1 
269 -1 4 2 1 1 60 
270 -1 4 2 1 4 1 
271 -1 4 2 2 3 23 
272 -1 4 2 2 4 1 
273 -1 4 2 3 1 32 
274 -1 4 2 3 1 60 
275 -1 4 2 3 4 1 
276 -1 4 3 1 1 72 
277 -1 4 3 1 4 1 
278 -1 4 3 2 4 1 
279 -1 4 3 3 1 72 
280 -1 4 3 3 4 1 
281 -1 4 4 1 1 72 
282 -1 4 4 1 4 1 
283 -1 4 4 3 1 72 
284 -1 4 4 3 4 1 
285 -1 5 1 1 4 1 
286 -1 5 1 2 4 1 
287 -1 5 1 3 4 1 
288 -1 5 2 1 1 60 
289 -1 5 2 1 4 1 
290 -1 5 2 1 4 33 
291 -1 5 2 2 4 1 
292 -1 5 2 3 1 60 
293 -1 5 2 3 4 1 
294 -1 5 3 1 1 72 
295 -1 5 3 1 4 1 
296 -1 5 3 2 4 1 
297 -1 5 3 3 1 72 
298 -1 5 3 3 4 1 
299 -1 5 4 1 4 1 
300 -1 5 4 3 4 1 
301 -1 6 1 1 4 1 
302 -1 6 1 2 4 1 
303 -1 6 1 3 4 1 
304 -1 6 2 1 1 60 
305 -1 6 2 1 4 1 
306 -1 6 2 2 1 54 
307 -1 6 2 2 4 1 
308 -1 6 2 3 1 60 
309 -1 6 2 3 3 50 
310 -1 6 2 3 4 1 
311 -1 6 3 1 1 69 
312 -1 6 3 1 1 70 
313 -1 6 3 1 1 71 
314 -1 6 3 1 1 72 
315 -1 6 3 1 2 69 
316 -1 6 3 1 2 70 
317 -1 6 3 1 2 71 
318 -1 6 3 1 2 72 
319 -1 6 3 1 3 69 
320 -1 6 3 1 3 70 
321 -1 6 3 1 3 72 
322 -1 6 3 1 4 1 
323 -1 6 3 1 4 69 
324 -1 6 3 1 4 70 
325 -1 6 3 1 4 71 
326 -1 6 3 1 4 72 
327 -1 6 3 2 4 1 
328 -1 6 3 3 1 72 
329 -1 6 3 3 4 1 
330 -1 6 4 1 4 1 
331 -1 6 4 3 4 1 
332 -1 7 1 1 4 1 
333 -1 7 1 2 4 1 
334 -1 7 1 3 4 1 
335 -1 7 2 1 1 60 
336 -1 7 2 1 3 50 
337 -1 7 2 1 4 1 
338 -1 7 2 2 4 1 
339 -1 7 2 3 1 60 
340 -1 7 2 3 4 1 
341 -1 7 3 1 1 72 
342 -1 7 3 1 4 1 
343 -1 7 3 2 2 5 
344 -1 7 3 2 4 1 
345 -1 7 3 3 1 72 
346 -1 7 3 3 2 9 
347 -1 7 3 3 2 10 
348 -1 7 3 3 2 25 
349 -1 7 3 3 2 26 
350 -1 7 3 3 2 27 
351 -1 7 3 3 2 29 
352 -1 7 3 3 4 1 
353 -1 7 3 3 4 42 
354 -1 7 4 1 4 1 
355 -1 7 4 3 4 1 
356 -1 8 1 1 4 1 
357 -1 8 1 2 4 1 
358 -1 8 1 3 4 1 
359 -1 8 2 1 1 9 
360 -1 8 2 1 1 60 
361 -1 8 2 1 4 1 
362 -1 8 2 2 4 1 
363 -1 8 2 3 1 60 
364 -1 8 2 3 4 1 
365 -1 8 3 1 1 72 
366 -1 8 3 1 3 64 
367 -1 8 3 1 4 1 
368 -1 8 3 2 4 1 
369 -1 8 3 3 1 20 
370 -1 8 3 3 1 72 
371 -1 8 3 3 4 1 
372 -1 8 4 1 1 92 
373 -1 8 4 1 4 1 
374 -1 8 4 3 1 92 
375 -1 8 4 3 4 1 
376 -1 9 1 1 4 1 
377 -1 9 1 2 4 1 
378 -1 9 1 3 4 1 
379 -1 9 2 1 1 60 
380 -1 9 2 1 4 1 
381 -1 9 2 1 4 29 
382 -1 9 2 2 4 1 
383 -1 9 2 3 1 60 
384 -1 9 2 3 4 1 
385 -1 9 2 3 4 14 
386 -1 9 3 1 1 72 
387 -1 9 3 1 2 68 
388 -1 9 3 1 4 1 
389 -1 9 3 2 4 1 
390 -1 9 3 3 1 72 
391 -1 9 3 3 4 1 
392 -1 9 4 1 1 48 
393 -1 9 4 1 4 1 
394 -1 9 4 3 1 48 
395 -1 9 4 3 4 1 
396 -1 10 1 1 4 1 
397 -1 10 1 2 4 1 
398 -1 10 1 2 4 8 
399 -1 10 1 3 4 1 
400 -1 10 2 1 1 60 
401 -1 10 2 1 3 40 
402 -1 10 2 1 4 1 
403 -1 10 2 2 3 57 
404 -1 10 2 2 4 1 
405 -1 10 2 3 1 60 
406 -1 10 2 3 4 1 
407 -1 10 3 1 1 72 
408 -1 10 3 1 4 1 
409 -1 10 3 2 1 1 
410 -1 10 3 2 1 2 
411 -1 10 3 2 1 3 
412 -1 10 3 2 1 4 
413 -1 10 3 2 1 5 
414 -1 10 3 2 1 6 
415 -1 10 3 2 1 7 
416 -1 10 3 2 1 8 
417 -1 10 3 2 1 9 
418 -1 10 3 2 1 10 
419 -1 10 3 2 1 11 
420 -1 10 3 2 1 12 
421 -1 10 3 2 1 13 
422 -1 10 3 2 1 14 
423 -1 10 3 2 1 15 
424 -1 10 3 2 1 16 
425 -1 10 3 2 1 17 
426 -1 10 3 2 1 18 
427 -1 10 3 2 1 19 
428 -1 10 3 2 1 20 
429 -1 10 3 2 1 21 
430 -1 10 3 2 1 22 
431 -1 10 3 2 1 23 
432 -1 10 3 2 1 24 
433 -1 10 3 2 1 25 
434 -1 10 3 2 1 26 
435 -1 10 3 2 1 27 
436 -1 10 3 2 1 28 
437 -1 10 3 2 1 29 
438 -1 10 3 2 1 30 
439 -1 10 3 2 1 31 
440 -1 10 3 2 1 32 
441 -1 10 3 2 2 1 
442 -1 10 3 2 2 2 
443 -1 10 3 2 2 3 
444 -1 10 3 2 2 4 
445 -1 10 3 2 2 5 
446 -1 10 3 2 2 6 
447 -1 10 3 2 2 7 
448 -1 10 3 2 2 8 
449 -1 10 3 2 2 9 
450 -1 10 3 2 2 10 
451 -1 10 3 2 2 11 
452 -1 10 3 2 2 12 
453 -1 10 3 2 2 13 
454 -1 10 3 2 2 14 
455 -1 10 3 2 2 15 
456 -1 10 3 2 2 16 
457 -1 10 3 2 2 17 
458 -1 10 3 2 2 18 
459 -1 10 3 2 2 19 
460 -1 10 3 2 2 20 
461 -1 10 3 2 2 21 
462 -1 10 3 2 2 22 
463 -1 10 3 2 2 23 
464 -1 10 3 2 2 24 
465 -1 10 3 2 2 25 
466 -1 10 3 2 2 26 
467 -1 10 3 2 2 27 
468 -1 10 3 2 2 28 
469 -1 10 3 2 2 29 
470 -1 10 3 2 2 30 
471 -1 10 3 2 2 31 
472 -1 10 3 2 2 32 
473 -1 10 3 2 3 1 
474 -1 10 3 2 3 2 
475 -1 10 3 2 3 3 
476 -1 10 3 2 3 4 
477 -1 10 3 2 3 5 
478 -1 10 3 2 3 6 
479 -1 10 3 2 3 7 
480 -1 10 3 2 3 8 
481 -1 10 3 2 3 9 
482 -1 10 3 2 3 10 
483 -1 10 3 2 3 11 
484 -1 10 3 2 3 12 
485 -1 10 3 2 3 13 
486 -1 10 3 2 3 14 
487 -1 10 3 2 3 15 
488 -1 10 3 2 3 16 
489 -1 10 3 2 3 17 
490 -1 10 3 2 3 18 
491 -1 10 3 2 3 19 
492 -1 10 3 2 3 20 
493 -1 10 3 2 3 21 
494 -1 10 3 2 3 22 
495 -1 10 3 2 3 23 
496 -1 10 3 2 3 24 
497 -1 10 3 2 3 25 
498 -1 10 3 2 3 26 
499 -1 10 3 2 3 27 
500 -1 10 3 2 3 28 
501 -1 10 3 2 3 29 
502 -1 10 3 2 3 30 
503 -1 10 3 2 3 31 
504 -1 10 3 2 3 32 
505 -1 10 3 2 4 1 
506 -1 10 3 2 4 2 
507 -1 10 3 2 4 3 
508 -1 10 3 2 4 4 
509 -1 10 3 2 4 5 
510 -1 10 3 2 4 6 
511 -1 10 3 2 4 7 
512 -1 10 3 2 4 8 
513 -1 10 3 2 4 9 
514 -1 10 3 2 4 10 
515 -1 10 3 2 4 11 
516 -1 10 3 2 4 12 
517 -1 10 3 2 4 13 
518 -1 10 3 2 4 14 
519 -1 10 3 2 4 15 
520 -1 10 3 2 4 16 
521 -1 10 3 2 4 17 
522 -1 10 3 2 4 18 
523 -1 10 3 2 4 19 
524 -1 10 3 2 4 20 
525 -1 10 3 2 4 21 
526 -1 10 3 2 4 22 
527 -1 10 3 2 4 23 
528 -1 10 3 2 4 24 
529 -1 10 3 2 4 25 
530 -1 10 3 2 4 26 
531 -1 10 3 2 4 27 
532 -1 10 3 2 4 28 
533 -1 10 3 2 4 29 
534 -1 10 3 2 4 30 
535 -1 10 3 2 4 31 
536 -1 10 3 2 4 32 
537 -1 10 3 3 1 72 
538 -1 10 3 3 4 1 
539 -1 10 4 1 1 24 
540 -1 10 4 1 1 60 
541 -1 10 4 1 3 24 
542 -1 10 4 1 4 1 
543 -1 10 4 3 1 60 
544 -1 10 4 3 4 1 
545 -1 11 1 1 4 1 
546 -1 11 1 2 4 1 
547 -1 11 1 3 4 1 
548 -1 11 2 1 1 60 
549 -1 11 2 1 4 1 
550 -1 11 2 2 4 1 
551 -1 11 2 3 1 60 
552 -1 11 2 3 2 43 
553 -1 11 2 3 4 1 
554 -1 11 2 3 4 12 
555 -1 11 3 1 1 72 
556 -1 11 3 1 4 1 
557 -1 11 3 2 4 1 
558 -1 11 3 3 1 72 
559 -1 11 3 3 4 1 
560 -1 11 4 1 1 48 
561 -1 11 4 1 4 1 
562 -1 11 4 3 1 48 
563 -1 11 4 3 4 1 
564 -1 12 1 1 4 1 
565 -1 12 1 2 4 1 
566 -1 12 1 3 4 1 
567 -1 12 2 1 1 60 
568 -1 12 2 1 2 3 
569 -1 12 2 1 4 1 
570 -1 12 2 2 4 1 
571 -1 12 2 3 1 60 
572 -1 12 2 3 4 1 
573 -1 12 3 1 1 72 
574 -1 12 3 1 4 1 
575 -1 12 3 2 4 1 
576 -1 12 3 3 1 72 
577 -1 12 3 3 4 1 
578 -1 12 4 1 1 49 
579 -1 12 4 1 1 50 
580 -1 12 4 1 1 51 
581 -1 12 4 1 1 52 
582 -1 12 4 1 1 53 
583 -1 12 4 1 1 54 
584 -1 12 4 1 1 55 
585 -1 12 4 1 1 56 
586 -1 12 4 1 1 57 
587 -1 12 4 1 1 58 
588 -1 12 4 1 1 59 
589 -1 12 4 1 1 60 
590 -1 12 4 1 1 61 
591 -1 12 4 1 1 62 
592 -1 12 4 1 1 63 
593 -1 12 4 1 1 64 
594 -1 12 4 1 1 92 
595 -1 12 4 1 2 49 
596 -1 12 4 1 2 50 
597 -1 12 4 1 2 51 
598 -1 12 4 1 2 52 
599 -1 12 4 1 2 53 
600 -1 12 4 1 2 54 
601 -1 12 4 1 2 55 
602 -1 12 4 1 2 56 
603 -1 12 4 1 2 57 
604 -1 12 4 1 2 58 
605 -1 12 4 1 2 59 
606 -1 12 4 1 2 60 
607 -1 12 4 1 2 61 
608 -1 12 4 1 2 62 
609 -1 12 4 1 2 63 
610 -1 12 4 1 2 64 
611 -1 12 4 1 3 49 
612 -1 12 4 1 3 50 
613 -1 12 4 1 3 51 
614 -1 12 4 1 3 52 
615 -1 12 4 1 3 53 
616 -1 12 4 1 3 54 
617 -1 12 4 1 3 55 
618 -1 12 4 1 3 56 
619 -1 12 4 1 3 57 
620 -1 12 4 1 3 58 
621 -1 12 4 1 3 59 
622 -1 12 4 1 3 60 
623 -1 12 4 1 3 61 
624 -1 12 4 1 3 62 
625 -1 12 4 1 3 63 
626 -1 12 4 1 3 64 
627 -1 12 4 1 4 1 
628 -1 12 4 1 4 49 
629 -1 12 4 1 4 50 
630 -1 12 4 1 4 51 
631 -1 12 4 1 4 52 
632 -1 12 4 1 4 53 
633 -1 12 4 1 4 54 
634 -1 12 4 1 4 55 
635 -1 12 4 1 4 56 
636 -1 12 4 1 4 57 
637 -1 12 4 1 4 58 
638 -1 12 4 1 4 59 
639 -1 12 4 1 4 60 
640 -1 12 4 1 4 61 
641 -1 12 4 1 4 62 
642 -1 12 4 1 4 63 
643 -1 12 4 1 4 64 
644 -1 12 4 3 1 49 
645 -1 12 4 3 1 50 
646 -1 12 4 3 1 51 
647 -1 12 4 3 1 52 
648 -1 12 4 3 1 53 
649 -1 12 4 3 1 54 
650 -1 12 4 3 1 55 
651 -1 12 4 3 1 56 
652 -1 12 4 3 1 57 
653 -1 12 4 3 1 58 
654 -1 12 4 3 1 59 
655 -1 12 4 3 1 60 
656 -1 12 4 3 1 61 
657 -1 12 4 3 1 62 
658 -1 12 4 3 1 63 
659 -1 12 4 3 1 64 
660 -1 12 4 3 1 92 
661 -1 12 4 3 2 49 
662 -1 12 4 3 2 50 
663 -1 12 4 3 2 51 
664 -1 12 4 3 2 52 
665 -1 12 4 3 2 53 
666 -1 12 4 3 2 54 
667 -1 12 4 3 2 55 
668 -1 12 4 3 2 56 
669 -1 12 4 3 2 57 
670 -1 12 4 3 2 58 
671 -1 12 4 3 2 59 
672 -1 12 4 3 2 60 
673 -1 12 4 3 2 61 
674 -1 12 4 3 2 62 
675 -1 12 4 3 2 63 
676 -1 12 4 3 2 64 
677 -1 12 4 3 3 49 
678 -1 12 4 3 3 50 
679 -1 12 4 3 3 51 
680 -1 12 4 3 3 52 
681 -1 12 4 3 3 53 
682 -1 12 4 3 3 54 
683 -1 12 4 3 3 55 
684 -1 12 4 3 3 56 
685 -1 12 4 3 3 57 
686 -1 12 4 3 3 58 
687 -1 12 4 3 3 59 
688 -1 12 4 3 3 60 
689 -1 12 4 3 3 61 
690 -1 12 4 3 3 62 
691 -1 12 4 3 3 63 
692 -1 12 4 3 3 64 
693 -1 12 4 3 4 1 
694 -1 12 4 3 4 49 
695 -1 12 4 3 4 50 
696 -1 12 4 3 4 51 
697 -1 12 4 3 4 52 
698 -1 12 4 3 4 53 
699 -1 12 4 3 4 54 
700 -1 12 4 3 4 55 
701 -1 12 4 3 4 56 
702 -1 12 4 3 4 57 
703 -1 12 4 3 4 58 
704 -1 12 4 3 4 59 
705 -1 12 4 3 4 60 
706 -1 12 4 3 4 61 
707 -1 12 4 3 4 62 
708 -1 12 4 3 4 63 
709 -1 12 4 3 4 64 
710 -1 13 4 1 1 72 
711 -1 13 4 1 4 1 
712 -1 13 4 3 1 72 
713 -1 13 4 3 4 1 
714 -1 14 4 1 1 60 
715 -1 14 4 1 4 1 
716 -1 14 4 3 1 60 
717 -1 14 4 3 4 1 
718 0 1 1 1 4 1 
719 0 1 1 2 2 54 
720 0 1 1 2 4 1 
721 0 1 1 3 4 1 
722 0 1 2 1 1 60 
723 0 1 2 1 4 1 
724 0 1 2 2 3 10 
725 0 1 2 2 3 33 
726 0 1 2 2 4 1 
727 0 1 2 3 1 60 
728 0 1 2 3 4 1 
729 0 1 2 3 4 57 
730 0 1 2 3 4 58 
731 0 1 2 3 4 60 
732 0 1 3 1 1 72 
733 0 1 3 1 4 1 
734 0 1 3 2 4 1 
735 0 1 3 3 1 72 
736 0 1 3 3 2 17 
737 0 1 3 3 4 1 
738 0 1 4 1 4 1 
739 0 1 4 3 4 1 
740 0 2 1 1 4 1 
741 0 2 1 2 4 1 
742 0 2 1 3 4 1 
743 0 2 2 1 1 60 
744 0 2 2 1 4 1 
745 0 2 2 1 4 45 
746 0 2 2 2 4 1 
747 0 2 2 3 1 13 
748 0 2 2 3 1 60 
749 0 2 2 3 4 1 
750 0 2 2 3 4 32 
751 0 2 3 1 1 72 
752 0 2 3 1 4 1 
753 0 2 3 2 4 1 
754 0 2 3 3 1 72 
755 0 2 3 3 4 1 
756 0 2 4 1 4 1 
757 0 2 4 3 4 1 
758 0 3 1 1 4 1 
759 0 3 1 2 4 1 
760 0 3 1 3 4 1 
761 0 3 2 1 1 35 
762 0 3 2 1 1 60 
763 0 3 2 1 4 1 
764 0 3 2 2 4 1 
765 0 3 2 3 1 60 
766 0 3 2 3 4 1 
767 0 3 3 1 1 72 
768 0 3 3 1 4 1 
769 0 3 3 2 4 1 
770 0 3 3 3 1 72 
771 0 3 3 3 2 2 
772 0 3 3 3 4 1 
773 0 3 4 1 4 1 
774 0 3 4 3 4 1 
775 0 4 1 1 4 1 
776 0 4 1 2 4 1 
777 0 4 1 3 4 1 
778 0 4 2 1 1 60 
779 0 4 2 1 3 50 
780 0 4 2 1 4 1 
781 0 4 2 1 4 33 
782 0 4 2 2 4 1 
783 0 4 2 3 1 60 
784 0 4 2 3 4 1 
785 0 4 3 1 1 72 
786 0 4 3 1 4 1 
787 0 4 3 2 4 1 
788 0 4 3 3 1 72 
789 0 4 3 3 4 1 
790 0 4 4 1 1 10 
791 0 4 4 1 1 72 
792 0 4 4 1 4 1 
793 0 4 4 3 1 72 
794 0 4 4 3 4 1 
795 0 5 1 1 4 1 
796 0 5 1 2 4 1 
797 0 5 1 3 4 1 
798 0 5 2 1 1 56 
799 0 5 2 1 1 60 
800 0 5 2 1 4 1 
801 0 5 2 2 2 39 
802 0 5 2 2 4 1 
803 0 5 2 3 1 50 
804 0 5 2 3 1 53 
805 0 5 2 3 1 60 
806 0 5 2 3 4 1 
807 0 5 3 1 1 72 
808 0 5 3 1 4 1 
809 0 5 3 2 4 1 
810 0 5 3 3 1 72 
811 0 5 3 3 4 1 
812 0 5 4 1 4 1 
813 0 5 4 3 4 1 
814 0 6 1 1 4 1 
815 0 6 1 2 4 1 
816 0 6 1 3 4 1 
817 0 6 2 1 1 1 
818 0 6 2 1 1 60 
819 0 6 2 1 4 1 
820 0 6 2 2 4 1 
821 0 6 2 3 1 60 
822 0 6 2 3 4 1 
823 0 6 3 1 1 72 
824 0 6 3 1 4 1 
825 0 6 3 2 4 1 
826 0 6 3 3 1 72 
827 0 6 3 3 2 25 
828 0 6 3 3 4 1 
829 0 6 4 1 4 1 
830 0 6 4 3 4 1 
831 0 7 1 1 4 1 
832 0 7 1 2 4 1 
833 0 7 1 3 4 1 
834 0 7 2 1 1 5 
835 0 7 2 1 1 60 
836 0 7 2 1 4 1 
837 0 7 2 2 3 47 
838 0 7 2 2 4 1 
839 0 7 2 3 1 60 
840 0 7 2 3 4 1 
841 0 7 3 1 1 72 
842 0 7 3 1 4 1 
843 0 7 3 2 1 1 
844 0 7 3 2 1 2 
845 0 7 3 2 1 3 
846 0 7 3 2 1 4 
847 0 7 3 2 1 5 
848 0 7 3 2 1 6 
849 0 7 3 2 1 7 
850 0 7 3 2 1 8 
851 0 7 3 2 1 9 
852 0 7 3 2 1 10 
853 0 7 3 2 1 11 
854 0 7 3 2 1 12 
855 0 7 3 2 1 13 
856 0 7 3 2 1 14 
857 0 7 3 2 1 15 
858 0 7 3 2 1 16 
859 0 7 3 2 1 17 
860 0 7 3 2 1 19 
861 0 7 3 2 1 20 
862 0 7 3 2 1 21 
863 0 7 3 2 1 22 
864 0 7 3 2 1 23 
865 0 7 3 2 1 24 
866 0 7 3 2 1 25 
867 0 7 3 2 1 26 
868 0 7 3 2 1 27 
869 0 7 3 2 1 28 
870 0 7 3 2 1 29 
871 0 7 3 2 1 30 
872 0 7 3 2 1 31 
873 0 7 3 2 1 32 
874 0 7 3 2 2 1 
875 0 7 3 2 2 2 
876 0 7 3 2 2 3 
877 0 7 3 2 2 4 
878 0 7 3 2 2 5 
879 0 7 3 2 2 6 
880 0 7 3 2 2 7 
881 0 7 3 2 2 8 
882 0 7 3 2 2 9 
883 0 7 3 2 2 10 
884 0 7 3 2 2 11 
885 0 7 3 2 2 12 
886 0 7 3 2 2 13 
887 0 7 3 2 2 14 
888 0 7 3 2 2 15 
889 0 7 3 2 2 16 
890 0 7 3 2 2 17 
891 0 7 3 2 2 18 
892 0 7 3 2 2 20 
893 0 7 3 2 2 21 
894 0 7 3 2 2 22 
895 0 7 3 2 2 23 
896 0 7 3 2 2 24 
897 0 7 3 2 2 25 
898 0 7 3 2 2 26 
899 0 7 3 2 2 27 
900 0 7 3 2 2 28 
901 0 7 3 2 2 29 
902 0 7 3 2 2 30 
903 0 7 3 2 2 31 
904 0 7 3 2 2 32 
905 0 7 3 2 3 1 
906 0 7 3 2 3 2 
907 0 7 3 2 3 3 
908 0 7 3 2 3 4 
909 0 7 3 2 3 5 
910 0 7 3 2 3 6 
911 0 7 3 2 3 7 
912 0 7 3 2 3 8 
913 0 7 3 2 3 9 
914 0 7 3 2 3 10 
915 0 7 3 2 3 11 
916 0 7 3 2 3 12 
917 0 7 3 2 3 13 
918 0 7 3 2 3 14 
919 0 7 3 2 3 15 
920 0 7 3 2 3 16 
921 0 7 3 2 3 17 
922 0 7 3 2 3 19 
923 0 7 3 2 3 20 
924 0 7 3 2 3 21 
925 0 7 3 2 3 22 
926 0 7 3 2 3 23 
927 0 7 3 2 3 24 
928 0 7 3 2 3 25 
929 0 7 3 2 3 26 
930 0 7 3 2 3 27 
931 0 7 3 2 3 28 
932 0 7 3 2 3 29 
933 0 7 3 2 3 30 
934 0 7 3 2 3 31 
935 0 7 3 2 3 32 
936 0 7 3 2 4 1 
937 0 7 3 2 4 2 
938 0 7 3 2 4 3 
939 0 7 3 2 4 4 
940 0 7 3 2 4 5 
941 0 7 3 2 4 6 
942 0 7 3 2 4 7 
943 0 7 3 2 4 8 
944 0 7 3 2 4 9 
945 0 7 3 2 4 10 
946 0 7 3 2 4 11 
947 0 7 3 2 4 12 
948 0 7 3 2 4 13 
949 0 7 3 2 4 14 
950 0 7 3 2 4 15 
951 0 7 3 2 4 16 
952 0 7 3 2 4 17 
953 0 7 3 2 4 18 
954 0 7 3 2 4 20 
955 0 7 3 2 4 21 
956 0 7 3 2 4 22 
957 0 7 3 2 4 23 
958 0 7 3 2 4 24 
959 0 7 3 2 4 25 
960 0 7 3 2 4 26 
961 0 7 3 2 4 27 
962 0 7 3 2 4 28 
963 0 7 3 2 4 29 
964 0 7 3 2 4 30 
965 0 7 3 2 4 31 
966 0 7 3 2 4 32 
967 0 7 3 3 1 72 
968 0 7 3 3 4 1 
969 0 7 4 1 4 1 
970 0 7 4 3 4 1 
971 0 8 1 1 4 1 
972 0 8 1 2 4 1 
973 0 8 1 3 1 49 
974 0 8 1 3 4 1 
975 0 8 2 1 1 60 
976 0 8 2 1 4 1 
977 0 8 2 2 1 31 
978 0 8 2 2 2 21 
979 0 8 2 2 4 1 
980 0 8 2 3 1 60 
981 0 8 2 3 4 1 
982 0 8 3 1 1 72 
983 0 8 3 1 4 1 
984 0 8 3 2 3 30 
985 0 8 3 2 4 1 
986 0 8 3 3 1 72 
987 0 8 3 3 4 1 
988 0 8 4 1 1 92 
989 0 8 4 1 4 1 
990 0 8 4 3 1 92 
991 0 8 4 3 4 1 
992 0 9 1 1 4 1 
993 0 9 1 2 4 1 
994 0 9 1 3 4 1 
995 0 9 2 1 1 60 
996 0 9 2 1 4 1 
997 0 9 2 2 3 5 
998 0 9 2 2 4 1 
999 0 9 2 3 1 24 
1000 0 9 2 3 1 60 
1001 0 9 2 3 2 33 
1002 0 9 2 3 4 1 
1003 0 9 3 1 1 72 
1004 0 9 3 1 4 1 
1005 0 9 3 2 4 1 
1006 0 9 3 3 1 4 
1007 0 9 3 3 1 72 
1008 0 9 3 3 4 1 
1009 0 9 4 1 1 48 
1010 0 9 4 1 3 31 
1011 0 9 4 1 4 1 
1012 0 9 4 1 4 34 
1013 0 9 4 3 1 46 
1014 0 9 4 3 1 48 
1015 0 9 4 3 4 1 
1016 0 10 1 1 4 1 
1017 0 10 1 2 2 13 
1018 0 10 1 2 4 1 
1019 0 10 1 3 4 1 
1020 0 10 2 1 1 60 
1021 0 10 2 1 2 22 
1022 0 10 2 1 4 1 
1023 0 10 2 2 4 1 
1024 0 10 2 3 1 60 
1025 0 10 2 3 4 1 
1026 0 10 3 1 1 72 
1027 0 10 3 1 4 1 
1028 0 10 3 2 4 1 
1029 0 10 3 3 1 72 
1030 0 10 3 3 4 1 
1031 0 10 4 1 1 60 
1032 0 10 4 1 4 1 
1033 0 10 4 3 1 60 
1034 0 10 4 3 3 35 
1035 0 10 4 3 4 1 
1036 0 11 1 1 4 1 
1037 0 11 1 2 4 1 
1038 0 11 1 3 3 3 
1039 0 11 1 3 4 1 
1040 0 11 2 1 1 60 
1041 0 11 2 1 4 1 
1042 0 11 2 2 4 1 
1043 0 11 2 3 1 60 
1044 0 11 2 3 4 1 
1045 0 11 3 1 1 70 
1046 0 11 3 1 1 72 
1047 0 11 3 1 4 1 
1048 0 11 3 2 4 1 
1049 0 11 3 3 1 72 
1050 0 11 3 3 4 1 
1051 0 11 4 1 1 48 
1052 0 11 4 1 4 1 
1053 0 11 4 3 1 48 
1054 0 11 4 3 4 1 
1055 0 12 1 1 4 1 
1056 0 12 1 2 4 1 
1057 0 12 1 3 4 1 
1058 0 12 2 1 1 44 
1059 0 12 2 1 1 60 
1060 0 12 2 1 4 1 
1061 0 12 2 2 4 1 
1062 0 12 2 3 1 60 
1063 0 12 2 3 4 1 
1064 0 12 2 3 4 29 
1065 0 12 2 3 4 57 
1066 0 12 3 1 1 72 
1067 0 12 3 1 4 1 
1068 0 12 3 2 4 1 
1069 0 12 3 3 1 1 
1070 0 12 3 3 1 72 
1071 0 12 3 3 4 1 
1072 0 12 4 1 1 92 
1073 0 12 4 1 4 1 
1074 0 12 4 3 1 92 
1075 0 12 4 3 4 1 
1076 0 13 4 1 1 72 
1077 0 13 4 1 4 1 
1078 0 13 4 1 4 48 
1079 0 13 4 3 1 72 
1080 0 13 4 3 4 1 
1081 0 14 4 1 1 41 
1082 0 14 4 1 1 60 
1083 0 14 4 1 4 1 
1084 0 14 4 3 1 31 
1085 0 14 4 3 1 60 
1086 0 14 4 3 4 1 
1087 0 14 4 3 4 14 
1088 0 14 4 3 4 53 
1089 0 14 4 3 4 54 
1090 1 1 1 1 4 1 
1091 1 1 1 2 4 1 
1092 1 1 1 3 4 1 
1093 1 1 2 1 1 60 
1094 1 1 2 1 4 1 
1095 1 1 2 1 4 54 
1096 1 1 2 2 1 33 
1097 1 1 2 2 1 34 
1098 1 1 2 2 1 36 
1099 1 1 2 2 1 39 
1100 1 1 2 2 1 40 
1101 1 1 2 2 1 41 
1102 1 1 2 2 1 42 
1103 1 1 2 2 1 48 
1104 1 1 2 2 1 49 
1105 1 1 2 2 1 53 
1106 1 1 2 2 1 55 
1107 1 1 2 2 2 33 
1108 1 1 2 2 2 34 
1109 1 1 2 2 2 35 
1110 1 1 2 2 2 36 
1111 1 1 2 2 2 37 
1112 1 1 2 2 2 38 
1113 1 1 2 2 2 39 
1114 1 1 2 2 2 40 
1115 1 1 2 2 2 41 
1116 1 1 2 2 2 42 
1117 1 1 2 2 2 43 
1118 1 1 2 2 2 48 
1119 1 1 2 2 2 49 
1120 1 1 2 2 2 50 
1121 1 1 2 2 2 52 
1122 1 1 2 2 2 55 
1123 1 1 2 2 3 33 
1124 1 1 2 2 3 34 
1125 1 1 2 2 3 35 
1126 1 1 2 2 3 36 
1127 1 1 2 2 3 37 
1128 1 1 2 2 3 38 
1129 1 1 2 2 3 41 
1130 1 1 2 2 3 47 
1131 1 1 2 2 3 48 
1132 1 1 2 2 3 49 
1133 1 1 2 2 3 54 
1134 1 1 2 2 3 55 
1135 1 1 2 2 4 1 
1136 1 1 2 2 4 34 
1137 1 1 2 2 4 35 
1138 1 1 2 2 4 36 
1139 1 1 2 2 4 37 
1140 1 1 2 2 4 41 
1141 1 1 2 2 4 43 
1142 1 1 2 2 4 48 
1143 1 1 2 2 4 49 
1144 1 1 2 2 4 52 
1145 1 1 2 2 4 55 
1146 1 1 2 3 1 60 
1147 1 1 2 3 4 1 
1148 1 1 3 1 1 72 
1149 1 1 3 1 4 1 
1150 1 1 3 2 3 51 
1151 1 1 3 2 4 1 
1152 1 1 3 3 1 72 
1153 1 1 3 3 4 1 
1154 1 1 4 1 4 1 
1155 1 1 4 3 4 1 
1156 1 2 1 1 4 1 
1157 1 2 1 2 4 1 
1158 1 2 1 3 4 1 
1159 1 2 2 1 1 60 
1160 1 2 2 1 4 1 
1161 1 2 2 2 4 1 
1162 1 2 2 3 1 60 
1163 1 2 2 3 4 1 
1164 1 2 3 1 1 23 
1165 1 2 3 1 1 72 
1166 1 2 3 1 4 1 
1167 1 2 3 2 4 1 
1168 1 2 3 3 1 72 
1169 1 2 3 3 4 1 
1170 1 2 4 1 1 8 
1171 1 2 4 1 1 76 
1172 1 2 4 1 4 1 
1173 1 2 4 1 4 23 
1174 1 2 4 3 4 1 
1175 1 3 1 1 4 1 
1176 1 3 1 2 4 1 
1177 1 3 1 3 4 1 
1178 1 3 2 1 1 60 
1179 1 3 2 1 4 1 
1180 1 3 2 2 4 1 
1181 1 3 2 3 1 60 
1182 1 3 2 3 4 1 
1183 1 3 3 1 1 72 
1184 1 3 3 1 4 1 
1185 1 3 3 2 4 1 
1186 1 3 3 3 1 72 
1187 1 3 3 3 4 1 
1188 1 3 4 1 4 1 
1189 1 3 4 3 4 1 
1190 1 4 1 1 4 1 
1191 1 4 1 2 1 33 
1192 1 4 1 2 1 34 
1193 1 4 1 2 1 35 
1194 1 4 1 2 1 36 
1195 1 4 1 2 1 37 
1196 1 4 1 2 1 38 
1197 1 4 1 2 1 39 
1198 1 4 1 2 1 40 
1199 1 4 1 2 1 41 
1200 1 4 1 2 1 42 
1201 1 4 1 2 1 43 
1202 1 4 1 2 1 44 
1203 1 4 1 2 1 45 
1204 1 4 1 2 1 46 
1205 1 4 1 2 1 47 
1206 1 4 1 2 1 48 
1207 1 4 1 2 2 33 
1208 1 4 1 2 2 34 
1209 1 4 1 2 2 35 
1210 1 4 1 2 2 36 
1211 1 4 1 2 2 37 
1212 1 4 1 2 2 38 
1213 1 4 1 2 2 39 
1214 1 4 1 2 2 40 
1215 1 4 1 2 2 41 
1216 1 4 1 2 2 42 
1217 1 4 1 2 2 43 
1218 1 4 1 2 2 44 
1219 1 4 1 2 2 45 
1220 1 4 1 2 2 46 
1221 1 4 1 2 2 47 
1222 1 4 1 2 2 48 
1223 1 4 1 2 3 33 
1224 1 4 1 2 3 34 
1225 1 4 1 2 3 35 
1226 1 4 1 2 3 36 
1227 1 4 1 2 3 37 
1228 1 4 1 2 3 38 
1229 1 4 1 2 3 39 
1230 1 4 1 2 3 40 
1231 1 4 1 2 3 41 
1232 1 4 1 2 3 42 
1233 1 4 1 2 3 43 
1234 1 4 1 2 3 44 
1235 1 4 1 2 3 45 
1236 1 4 1 2 3 46 
1237 1 4 1 2 3 47 
1238 1 4 1 2 3 48 
1239 1 4 1 2 4 1 
1240 1 4 1 2 4 33 
1241 1 4 1 2 4 34 
1242 1 4 1 2 4 35 
1243 1 4 1 2 4 36 
1244 1 4 1 2 4 37 
1245 1 4 1 2 4 38 
1246 1 4 1 2 4 39 
1247 1 4 1 2 4 40 
1248 1 4 1 2 4 41 
1249 1 4 1 2 4 42 
1250 1 4 1 2 4 43 
1251 1 4 1 2 4 44 
1252 1 4 1 2 4 45 
1253 1 4 1 2 4 46 
1254 1 4 1 2 4 47 
1255 1 4 1 2 4 48 
1256 1 4 1 3 4 1 
1257 1 4 2 1 1 60 
1258 1 4 2 1 4 1 
1259 1 4 2 2 1 48 
1260 1 4 2 2 4 1 
1261 1 4 2 3 1 60 
1262 1 4 2 3 4 1 
1263 1 4 3 1 1 20 
1264 1 4 3 1 1 72 
1265 1 4 3 1 4 1 
1266 1 4 3 2 1 48 
1267 1 4 3 2 4 1 
1268 1 4 3 3 1 72 
1269 1 4 3 3 4 1 
1270 1 4 3 3 4 72 
1271 1 4 4 1 1 72 
1272 1 4 4 1 4 1 
1273 1 4 4 3 1 72 
1274 1 4 4 3 4 1 
1275 1 5 1 1 4 1 
1276 1 5 1 2 4 1 
1277 1 5 1 3 4 1 
1278 1 5 2 1 1 49 
1279 1 5 2 1 1 50 
1280 1 5 2 1 1 51 
1281 1 5 2 1 1 52 
1282 1 5 2 1 1 53 
1283 1 5 2 1 1 54 
1284 1 5 2 1 1 55 
1285 1 5 2 1 1 56 
1286 1 5 2 1 1 57 
1287 1 5 2 1 1 58 
1288 1 5 2 1 1 59 
1289 1 5 2 1 1 60 
1290 1 5 2 1 2 49 
1291 1 5 2 1 2 50 
1292 1 5 2 1 2 51 
1293 1 5 2 1 2 52 
1294 1 5 2 1 2 53 
1295 1 5 2 1 2 54 
1296 1 5 2 1 2 55 
1297 1 5 2 1 2 56 
1298 1 5 2 1 2 57 
1299 1 5 2 1 2 58 
1300 1 5 2 1 2 59 
1301 1 5 2 1 2 60 
1302 1 5 2 1 3 49 
1303 1 5 2 1 3 50 
1304 1 5 2 1 3 51 
1305 1 5 2 1 3 52 
1306 1 5 2 1 3 53 
1307 1 5 2 1 3 54 
1308 1 5 2 1 3 55 
1309 1 5 2 1 3 56 
1310 1 5 2 1 3 57 
1311 1 5 2 1 3 58 
1312 1 5 2 1 3 59 
1313 1 5 2 1 3 60 
1314 1 5 2 1 4 1 
1315 1 5 2 1 4 49 
1316 1 5 2 1 4 50 
1317 1 5 2 1 4 51 
1318 1 5 2 1 4 52 
1319 1 5 2 1 4 53 
1320 1 5 2 1 4 54 
1321 1 5 2 1 4 55 
1322 1 5 2 1 4 56 
1323 1 5 2 1 4 57 
1324 1 5 2 1 4 58 
1325 1 5 2 1 4 59 
1326 1 5 2 1 4 60 
1327 1 5 2 2 2 55 
1328 1 5 2 2 4 1 
1329 1 5 2 3 1 49 
1330 1 5 2 3 1 50 
1331 1 5 2 3 1 51 
1332 1 5 2 3 1 52 
1333 1 5 2 3 1 53 
1334 1 5 2 3 1 54 
1335 1 5 2 3 1 55 
1336 1 5 2 3 1 56 
1337 1 5 2 3 1 57 
1338 1 5 2 3 1 58 
1339 1 5 2 3 1 59 
1340 1 5 2 3 1 60 
1341 1 5 2 3 2 4 
1342 1 5 2 3 2 49 
1343 1 5 2 3 2 50 
1344 1 5 2 3 2 51 
1345 1 5 2 3 2 52 
1346 1 5 2 3 2 53 
1347 1 5 2 3 2 54 
1348 1 5 2 3 2 55 
1349 1 5 2 3 2 56 
1350 1 5 2 3 2 57 
1351 1 5 2 3 2 58 
1352 1 5 2 3 2 59 
1353 1 5 2 3 2 60 
1354 1 5 2 3 3 49 
1355 1 5 2 3 3 50 
1356 1 5 2 3 3 51 
1357 1 5 2 3 3 52 
1358 1 5 2 3 3 53 
1359 1 5 2 3 3 54 
1360 1 5 2 3 3 55 
1361 1 5 2 3 3 56 
1362 1 5 2 3 3 57 
1363 1 5 2 3 3 58 
1364 1 5 2 3 3 59 
1365 1 5 2 3 3 60 
1366 1 5 2 3 4 1 
1367 1 5 2 3 4 49 
1368 1 5 2 3 4 50 
1369 1 5 2 3 4 51 
1370 1 5 2 3 4 52 
1371 1 5 2 3 4 53 
1372 1 5 2 3 4 54 
1373 1 5 2 3 4 55 
1374 1 5 2 3 4 56 
1375 1 5 2 3 4 57 
1376 1 5 2 3 4 58 
1377 1 5 2 3 4 59 
1378 1 5 2 3 4 60 
1379 1 5 3 1 1 72 
1380 1 5 3 1 4 1 
1381 1 5 3 1 4 68 
1382 1 5 3 2 4 1 
1383 1 5 3 3 1 72 
1384 1 5 3 3 4 1 
1385 1 5 4 1 4 1 
1386 1 5 4 3 4 1 
1387 1 6 1 1 4 1 
1388 1 6 1 2 4 1 
1389 1 6 1 3 4 1 
1390 1 6 2 1 1 60 
1391 1 6 2 1 4 1 
1392 1 6 2 2 2 30 
1393 1 6 2 2 4 1 
1394 1 6 2 3 1 60 
1395 1 6 2 3 4 1 
1396 1 6 3 1 1 1 
1397 1 6 3 1 1 72 
1398 1 6 3 1 4 1 
1399 1 6 3 2 4 1 
1400 1 6 3 3 1 72 
1401 1 6 3 3 4 1 
1402 1 6 4 1 4 1 
1403 1 6 4 3 4 1 
1404 1 7 1 1 4 1 
1405 1 7 1 2 4 1 
1406 1 7 1 3 1 1 
1407 1 7 1 3 1 2 
1408 1 7 1 3 1 3 
1409 1 7 1 3 1 4 
1410 1 7 1 3 4 1 
1411 1 7 1 3 4 2 
1412 1 7 1 3 4 3 
1413 1 7 2 1 1 60 
1414 1 7 2 1 2 3 
1415 1 7 2 1 4 1 
1416 1 7 2 1 4 3 
1417 1 7 2 2 1 5 
1418 1 7 2 2 1 6 
1419 1 7 2 2 1 7 
1420 1 7 2 2 1 8 
1421 1 7 2 2 2 5 
1422 1 7 2 2 2 6 
1423 1 7 2 2 2 7 
1424 1 7 2 2 2 8 
1425 1 7 2 2 3 5 
1426 1 7 2 2 3 6 
1427 1 7 2 2 3 7 
1428 1 7 2 2 3 8 
1429 1 7 2 2 4 1 
1430 1 7 2 2 4 5 
1431 1 7 2 2 4 6 
1432 1 7 2 2 4 7 
1433 1 7 2 2 4 8 
1434 1 7 2 3 1 60 
1435 1 7 2 3 4 1 
1436 1 7 3 1 1 72 
1437 1 7 3 1 4 1 
1438 1 7 3 2 1 3 
1439 1 7 3 2 1 5 
1440 1 7 3 2 1 6 
1441 1 7 3 2 1 8 
1442 1 7 3 2 4 1 
1443 1 7 3 3 1 72 
1444 1 7 3 3 2 19 
1445 1 7 3 3 2 20 
1446 1 7 3 3 2 26 
1447 1 7 3 3 4 1 
1448 1 7 4 1 4 1 
1449 1 7 4 3 4 1 
1450 1 8 1 1 4 1 
1451 1 8 1 2 4 1 
1452 1 8 1 3 4 1 
1453 1 8 2 1 1 60 
1454 1 8 2 1 4 1 
1455 1 8 2 2 4 1 
1456 1 8 2 3 1 60 
1457 1 8 2 3 4 1 
1458 1 8 2 3 4 55 
1459 1 8 3 1 1 72 
1460 1 8 3 1 4 1 
1461 1 8 3 2 4 1 
1462 1 8 3 3 1 72 
1463 1 8 3 3 4 1 
1464 1 8 4 1 1 92 
1465 1 8 4 1 4 1 
1466 1 8 4 3 1 92 
1467 1 8 4 3 4 1 
1468 1 9 1 1 4 1 
1469 1 9 1 2 4 1 
1470 1 9 1 3 4 1 
1471 1 9 2 1 1 60 
1472 1 9 2 1 4 1 
1473 1 9 2 2 4 1 
1474 1 9 2 3 1 60 
1475 1 9 2 3 4 1 
1476 1 9 3 1 1 72 
1477 1 9 3 1 4 1 
1478 1 9 3 2 4 1 
1479 1 9 3 3 1 72 
1480 1 9 3 3 4 1 
1481 1 9 4 1 1 48 
1482 1 9 4 1 4 1 
1483 1 9 4 3 1 48 
1484 1 9 4 3 4 1 
1485 1 10 1 1 4 1 
1486 1 10 1 2 4 1 
1487 1 10 1 3 4 1 
1488 1 10 2 1 1 60 
1489 1 10 2 1 4 1 
1490 1 10 2 2 4 1 
1491 1 10 2 3 1 60 
1492 1 10 2 3 3 33 
1493 1 10 2 3 4 1 
1494 1 10 2 3 4 52 
1495 1 10 3 1 1 72 
1496 1 10 3 1 3 3 
1497 1 10 3 1 4 1 
1498 1 10 3 2 4 1 
1499 1 10 3 2 4 20 
1500 1 10 3 3 1 72 
1501 1 10 3 3 4 1 
1502 1 10 4 1 1 10 
1503 1 10 4 1 1 60 
1504 1 10 4 1 4 1 
1505 1 10 4 3 1 40 
1506 1 10 4 3 1 60 
1507 1 10 4 3 2 6 
1508 1 10 4 3 2 7 
1509 1 10 4 3 4 1 
1510 1 11 1 1 4 1 
1511 1 11 1 2 4 1 
1512 1 11 1 3 4 1 
1513 1 11 2 1 1 60 
1514 1 11 2 1 4 1 
1515 1 11 2 2 4 1 
1516 1 11 2 3 1 60 
1517 1 11 2 3 2 6 
1518 1 11 2 3 3 51 
1519 1 11 2 3 4 1 
1520 1 11 3 1 1 72 
1521 1 11 3 1 4 1 
1522 1 11 3 2 4 1 
1523 1 11 3 3 1 40 
1524 1 11 3 3 1 72 
1525 1 11 3 3 4 1 
1526 1 11 4 1 1 48 
1527 1 11 4 1 4 1 
1528 1 11 4 3 1 48 
1529 1 11 4 3 4 1 
1530 1 12 1 1 4 1 
1531 1 12 1 2 4 1 
1532 1 12 1 3 4 1 
1533 1 12 2 1 1 60 
1534 1 12 2 1 4 1 
1535 1 12 2 2 4 1 
1536 1 12 2 3 1 60 
1537 1 12 2 3 4 1 
1538 1 12 3 1 1 72 
1539 1 12 3 1 4 1 
1540 1 12 3 2 4 1 
1541 1 12 3 3 1 72 
1542 1 12 3 3 4 1 
1543 1 12 4 1 1 92 
1544 1 12 4 1 4 1 
1545 1 12 4 3 1 92 
1546 1 12 4 3 4 1 
1547 1 13 4 1 1 72 
1548 1 13 4 1 4 1 
1549 1 13 4 3 1 72 
1550 1 13 4 3 4 1 
1551 1 14 4 1 1 60 
1552 1 14 4 1 2 41 
1553 1 14 4 1 3 44 
1554 1 14 4 1 3 53 
1555 1 14 4 1 4 1 
1556 1 14 4 3 1 24 
1557 1 14 4 3 1 60 
1558 1 14 4 3 2 27 
1559 1 14 4 3 4 1 
1560 2 1 1 1 4 1 
1561 2 1 1 2 4 1 
1562 2 1 1 3 4 1 
1563 2 1 2 1 1 60 
1564 2 1 2 1 4 1 
1565 2 1 2 2 4 1 
1566 2 1 2 3 1 60 
1567 2 1 2 3 4 1 
1568 2 1 3 1 1 72 
1569 2 1 3 1 4 1 
1570 2 1 3 2 4 1 
1571 2 1 3 3 1 72 
1572 2 1 3 3 4 1 
1573 2 1 4 1 4 1 
1574 2 1 4 3 4 1 
1575 2 2 1 1 4 1 
1576 2 2 1 2 4 1 
1577 2 2 1 3 4 1 
1578 2 2 2 1 1 60 
1579 2 2 2 1 4 1 
1580 2 2 2 2 4 1 
1581 2 2 2 3 1 60 
1582 2 2 2 3 4 1 
1583 2 2 3 1 1 72 
1584 2 2 3 1 4 1 
1585 2 2 3 1 4 60 
1586 2 2 3 2 4 1 
1587 2 2 3 3 1 72 
1588 2 2 3 3 4 1 
1589 2 2 4 1 4 1 
1590 2 2 4 3 4 1 
1591 2 3 1 1 4 1 
1592 2 3 1 2 4 1 
1593 2 3 1 2 4 28 
1594 2 3 1 3 4 1 
1595 2 3 2 1 1 60 
1596 2 3 2 1 4 1 
1597 2 3 2 2 4 1 
1598 2 3 2 3 1 60 
1599 2 3 2 3 4 1 
1600 2 3 3 1 1 72 
1601 2 3 3 1 4 1 
1602 2 3 3 1 4 27 
1603 2 3 3 2 4 1 
1604 2 3 3 3 1 72 
1605 2 3 3 3 4 1 
1606 2 3 4 1 3 30 
1607 2 3 4 1 4 1 
1608 2 3 4 3 4 1 
1609 2 4 1 1 4 1 
1610 2 4 1 2 4 1 
1611 2 4 1 3 4 1 
1612 2 4 2 1 1 60 
1613 2 4 2 1 4 1 
1614 2 4 2 2 4 1 
1615 2 4 2 3 1 60 
1616 2 4 2 3 4 1 
1617 2 4 3 1 1 72 
1618 2 4 3 1 4 1 
1619 2 4 3 2 4 1 
1620 2 4 3 3 1 72 
1621 2 4 3 3 4 1 
1622 2 4 4 1 1 72 
1623 2 4 4 1 4 1 
1624 2 4 4 3 1 72 
1625 2 4 4 3 4 1 
1626 2 5 1 1 4 1 
1627 2 5 1 2 4 1 
1628 2 5 1 3 4 1 
1629 2 5 2 1 1 60 
1630 2 5 2 1 4 1 
1631 2 5 2 2 3 57 
1632 2 5 2 2 4 1 
1633 2 5 2 3 1 60 
1634 2 5 2 3 4 1 
1635 2 5 3 1 1 72 
1636 2 5 3 1 4 1 
1637 2 5 3 2 4 1 
1638 2 5 3 3 1 72 
1639 2 5 3 3 4 1 
1640 2 5 4 1 4 1 
1641 2 5 4 3 4 1 
1642 2 6 1 1 4 1 
1643 2 6 1 2 4 1 
1644 2 6 1 3 4 1 
1645 2 6 2 1 1 60 
1646 2 6 2 1 4 1 
1647 2 6 2 2 4 1 
1648 2 6 2 3 1 60 
1649 2 6 2 3 4 1 
1650 2 6 3 1 1 72 
1651 2 6 3 1 4 1 
1652 2 6 3 2 4 1 
1653 2 6 3 3 1 72 
1654 2 6 3 3 2 1 
1655 2 6 3 3 4 1 
1656 2 6 4 1 4 1 
1657 2 6 4 3 4 1 
1658 2 7 1 1 4 1 
1659 2 7 1 2 4 1 
1660 2 7 1 3 4 1 
1661 2 7 2 1 1 60 
1662 2 7 2 1 4 1 
1663 2 7 2 2 4 1 
1664 2 7 2 3 1 60 
1665 2 7 2 3 4 1 
1666 2 7 3 1 1 72 
1667 2 7 3 1 4 1 
1668 2 7 3 2 4 1 
1669 2 7 3 3 1 72 
1670 2 7 3 3 4 1 
1671 2 7 4 1 4 1 
1672 2 7 4 3 4 1 
1673 2 8 1 1 4 1 
1674 2 8 1 2 4 1 
1675 2 8 1 3 4 1 
1676 2 8 2 1 1 60 
1677 2 8 2 1 4 1 
1678 2 8 2 2 4 1 
1679 2 8 2 3 1 60 
1680 2 8 2 3 4 1 
1681 2 8 3 1 1 72 
1682 2 8 3 1 4 1 
1683 2 8 3 2 4 1 
1684 2 8 3 3 1 5 
1685 2 8 3 3 1 72 
1686 2 8 3 3 3 5 
1687 2 8 3 3 4 1 
1688 2 8 4 1 1 92 
1689 2 8 4 1 4 1 
1690 2 8 4 1 4 72 
1691 2 8 4 3 1 92 
1692 2 8 4 3 4 1 
1693 2 9 1 1 4 1 
1694 2 9 1 2 4 1 
1695 2 9 1 3 4 1 
1696 2 9 2 1 1 60 
1697 2 9 2 1 4 1 
1698 2 9 2 2 4 1 
1699 2 9 2 2 4 34 
1700 2 9 2 3 1 8 
1701 2 9 2 3 1 60 
1702 2 9 2 3 4 1 
1703 2 9 3 1 1 72 
1704 2 9 3 1 4 1 
1705 2 9 3 2 4 1 
1706 2 9 3 3 1 72 
1707 2 9 3 3 2 23 
1708 2 9 3 3 4 1 
1709 2 9 4 1 1 48 
1710 2 9 4 1 4 1 
1711 2 9 4 3 1 48 
1712 2 9 4 3 4 1 
1713 2 10 1 1 1 17 
1714 2 10 1 1 1 18 
1715 2 10 1 1 1 19 
1716 2 10 1 1 1 20 
1717 2 10 1 1 1 21 
1718 2 10 1 1 1 22 
1719 2 10 1 1 1 23 
1720 2 10 1 1 1 24 
1721 2 10 1 1 1 25 
1722 2 10 1 1 1 26 
1723 2 10 1 1 1 27 
1724 2 10 1 1 1 28 
1725 2 10 1 1 1 29 
1726 2 10 1 1 1 30 
1727 2 10 1 1 1 31 
1728 2 10 1 1 1 32 
1729 2 10 1 1 2 17 
1730 2 10 1 1 2 18 
1731 2 10 1 1 2 19 
1732 2 10 1 1 2 20 
1733 2 10 1 1 2 21 
1734 2 10 1 1 2 22 
1735 2 10 1 1 2 23 
1736 2 10 1 1 2 24 
1737 2 10 1 1 2 25 
1738 2 10 1 1 2 26 
1739 2 10 1 1 2 27 
1740 2 10 1 1 2 28 
1741 2 10 1 1 2 29 
1742 2 10 1 1 2 30 
1743 2 10 1 1 2 31 
1744 2 10 1 1 2 32 
1745 2 10 1 1 3 17 
1746 2 10 1 1 3 18 
1747 2 10 1 1 3 19 
1748 2 10 1 1 3 20 
1749 2 10 1 1 3 21 
1750 2 10 1 1 3 22 
1751 2 10 1 1 3 23 
1752 2 10 1 1 3 24 
1753 2 10 1 1 3 25 
1754 2 10 1 1 3 26 
1755 2 10 1 1 3 27 
1756 2 10 1 1 3 28 
1757 2 10 1 1 3 29 
1758 2 10 1 1 3 30 
1759 2 10 1 1 3 31 
1760 2 10 1 1 3 32 
1761 2 10 1 1 4 1 
1762 2 10 1 1 4 17 
1763 2 10 1 1 4 18 
1764 2 10 1 1 4 19 
1765 2 10 1 1 4 20 
1766 2 10 1 1 4 21 
1767 2 10 1 1 4 22 
1768 2 10 1 1 4 24 
1769 2 10 1 1 4 25 
1770 2 10 1 1 4 26 
1771 2 10 1 1 4 27 
1772 2 10 1 1 4 28 
1773 2 10 1 1 4 29 
1774 2 10 1 1 4 30 
1775 2 10 1 1 4 31 
1776 2 10 1 1 4 32 
1777 2 10 1 2 4 1 
1778 2 10 1 3 1 17 
1779 2 10 1 3 1 18 
1780 2 10 1 3 1 19 
1781 2 10 1 3 1 20 
1782 2 10 1 3 1 21 
1783 2 10 1 3 1 22 
1784 2 10 1 3 1 23 
1785 2 10 1 3 1 24 
1786 2 10 1 3 1 25 
1787 2 10 1 3 1 26 
1788 2 10 1 3 1 27 
1789 2 10 1 3 1 28 
1790 2 10 1 3 1 29 
1791 2 10 1 3 1 30 
1792 2 10 1 3 1 31 
1793 2 10 1 3 1 32 
1794 2 10 1 3 2 17 
1795 2 10 1 3 2 18 
1796 2 10 1 3 2 19 
1797 2 10 1 3 2 20 
1798 2 10 1 3 2 21 
1799 2 10 1 3 2 22 
1800 2 10 1 3 2 24 
1801 2 10 1 3 2 25 
1802 2 10 1 3 2 26 
1803 2 10 1 3 2 27 
1804 2 10 1 3 2 28 
1805 2 10 1 3 2 29 
1806 2 10 1 3 2 30 
1807 2 10 1 3 2 31 
1808 2 10 1 3 2 32 
1809 2 10 1 3 3 17 
1810 2 10 1 3 3 18 
1811 2 10 1 3 3 19 
1812 2 10 1 3 3 20 
1813 2 10 1 3 3 21 
1814 2 10 1 3 3 22 
1815 2 10 1 3 3 24 
1816 2 10 1 3 3 25 
1817 2 10 1 3 3 26 
1818 2 10 1 3 3 27 
1819 2 10 1 3 3 28 
1820 2 10 1 3 3 29 
1821 2 10 1 3 3 30 
1822 2 10 1 3 3 31 
1823 2 10 1 3 3 32 
1824 2 10 1 3 4 1 
1825 2 10 1 3 4 17 
1826 2 10 1 3 4 18 
1827 2 10 1 3 4 19 
1828 2 10 1 3 4 20 
1829 2 10 1 3 4 21 
1830 2 10 1 3 4 22 
1831 2 10 1 3 4 24 
1832 2 10 1 3 4 25 
1833 2 10 1 3 4 26 
1834 2 10 1 3 4 27 
1835 2 10 1 3 4 28 
1836 2 10 1 3 4 29 
1837 2 10 1 3 4 30 
1838 2 10 1 3 4 31 
1839 2 10 1 3 4 32 
1840 2 10 2 1 1 60 
1841 2 10 2 1 4 1 
1842 2 10 2 2 4 1 
1843 2 10 2 3 1 60 
1844 2 10 2 3 4 1 
1845 2 10 3 1 1 72 
1846 2 10 3 1 4 1 
1847 2 10 3 2 3 43 
1848 2 10 3 2 4 1 
1849 2 10 3 3 1 72 
1850 2 10 3 3 4 1 
1851 2 10 4 1 1 60 
1852 2 10 4 1 4 1 
1853 2 10 4 3 1 60 
1854 2 10 4 3 4 1 
1855 2 11 1 1 4 1 
1856 2 11 1 2 4 1 
1857 2 11 1 3 4 1 
1858 2 11 2 1 1 60 
1859 2 11 2 1 4 1 
1860 2 11 2 2 4 1 
1861 2 11 2 3 1 60 
1862 2 11 2 3 4 1 
1863 2 11 3 1 1 72 
1864 2 11 3 1 4 1 
1865 2 11 3 2 4 1 
1866 2 11 3 3 1 72 
1867 2 11 3 3 4 1 
1868 2 11 4 1 1 48 
1869 2 11 4 1 4 1 
1870 2 11 4 1 4 42 
1871 2 11 4 3 1 48 
1872 2 11 4 3 4 1 
1873 2 12 1 1 4 1 
1874 2 12 1 2 4 1 
1875 2 12 1 3 4 1 
1876 2 12 2 1 1 60 
1877 2 12 2 1 4 1 
1878 2 12 2 2 4 1 
1879 2 12 2 3 1 60 
1880 2 12 2 3 4 1 
1881 2 12 3 1 1 72 
1882 2 12 3 1 4 1 
1883 2 12 3 2 1 39 
1884 2 12 3 2 4 1 
1885 2 12 3 3 1 72 
1886 2 12 3 3 4 1 
1887 2 12 4 1 1 92 
1888 2 12 4 1 4 1 
1889 2 12 4 3 1 92 
1890 2 12 4 3 4 1 
1891 2 13 4 1 1 72 
1892 2 13 4 1 4 1 
1893 2 13 4 3 1 72 
1894 2 13 4 3 4 1 
1895 2 14 4 1 1 60 
1896 2 14 4 1 2 36 
1897 2 14 4 1 4 1 
1898 2 14 4 3 1 60 
1899 2 14 4 3 4 1 
1900 2 14 4 3 4 59 
0 0 0 0 0 0 0 0 
1900 dead wires of out 172504
