1 -2 1 1 1 3 4 
2 -2 1 1 1 3 5 
3 -2 1 1 1 4 1 
4 -2 1 1 2 1 19 
5 -2 1 1 2 4 1 
6 -2 1 1 3 2 34 
7 -2 1 1 3 3 26 
8 -2 1 1 3 4 1 
9 -2 1 2 1 1 60 
10 -2 1 2 1 2 1 
11 -2 1 2 1 4 1 
12 -2 1 2 2 4 1 
13 -2 1 2 3 1 60 
14 -2 1 2 3 4 1 
15 -2 1 3 1 1 72 
16 -2 1 3 1 4 1 
17 -2 1 3 2 4 1 
18 -2 1 3 3 1 72 
19 -2 1 3 3 4 1 
20 -2 1 4 1 1 17 
21 -2 1 4 1 1 18 
22 -2 1 4 1 1 19 
23 -2 1 4 1 1 20 
24 -2 1 4 1 1 21 
25 -2 1 4 1 1 22 
26 -2 1 4 1 1 23 
27 -2 1 4 1 1 24 
28 -2 1 4 1 1 25 
29 -2 1 4 1 1 26 
30 -2 1 4 1 1 27 
31 -2 1 4 1 1 28 
32 -2 1 4 1 1 29 
33 -2 1 4 1 1 30 
34 -2 1 4 1 1 31 
35 -2 1 4 1 1 32 
36 -2 1 4 1 2 17 
37 -2 1 4 1 2 18 
38 -2 1 4 1 2 19 
39 -2 1 4 1 2 20 
40 -2 1 4 1 2 21 
41 -2 1 4 1 2 22 
42 -2 1 4 1 2 23 
43 -2 1 4 1 2 24 
44 -2 1 4 1 2 25 
45 -2 1 4 1 2 26 
46 -2 1 4 1 2 27 
47 -2 1 4 1 2 28 
48 -2 1 4 1 2 29 
49 -2 1 4 1 2 30 
50 -2 1 4 1 2 31 
51 -2 1 4 1 2 32 
52 -2 1 4 1 3 17 
53 -2 1 4 1 3 18 
54 -2 1 4 1 3 19 
55 -2 1 4 1 3 20 
56 -2 1 4 1 3 21 
57 -2 1 4 1 3 22 
58 -2 1 4 1 3 23 
59 -2 1 4 1 3 24 
60 -2 1 4 1 3 25 
61 -2 1 4 1 3 26 
62 -2 1 4 1 3 27 
63 -2 1 4 1 3 28 
64 -2 1 4 1 3 29 
65 -2 1 4 1 3 30 
66 -2 1 4 1 3 31 
67 -2 1 4 1 3 32 
68 -2 1 4 1 4 1 
69 -2 1 4 1 4 17 
70 -2 1 4 1 4 18 
71 -2 1 4 1 4 19 
72 -2 1 4 1 4 20 
73 -2 1 4 1 4 21 
74 -2 1 4 1 4 22 
75 -2 1 4 1 4 23 
76 -2 1 4 1 4 24 
77 -2 1 4 1 4 25 
78 -2 1 4 1 4 26 
79 -2 1 4 1 4 27 
80 -2 1 4 1 4 28 
81 -2 1 4 1 4 29 
82 -2 1 4 1 4 30 
83 -2 1 4 1 4 31 
84 -2 1 4 1 4 32 
85 -2 1 4 3 1 17 
86 -2 1 4 3 1 18 
87 -2 1 4 3 1 19 
88 -2 1 4 3 1 20 
89 -2 1 4 3 1 21 
90 -2 1 4 3 1 22 
91 -2 1 4 3 1 23 
92 -2 1 4 3 1 24 
93 -2 1 4 3 1 25 
94 -2 1 4 3 1 26 
95 -2 1 4 3 1 27 
96 -2 1 4 3 1 28 
97 -2 1 4 3 1 29 
98 -2 1 4 3 1 30 
99 -2 1 4 3 1 31 
100 -2 1 4 3 1 32 
101 -2 1 4 3 2 17 
102 -2 1 4 3 2 18 
103 -2 1 4 3 2 19 
104 -2 1 4 3 2 20 
105 -2 1 4 3 2 21 
106 -2 1 4 3 2 22 
107 -2 1 4 3 2 23 
108 -2 1 4 3 2 24 
109 -2 1 4 3 2 25 
110 -2 1 4 3 2 26 
111 -2 1 4 3 2 27 
112 -2 1 4 3 2 28 
113 -2 1 4 3 2 29 
114 -2 1 4 3 2 30 
115 -2 1 4 3 2 31 
116 -2 1 4 3 2 32 
117 -2 1 4 3 3 17 
118 -2 1 4 3 3 18 
119 -2 1 4 3 3 19 
120 -2 1 4 3 3 20 
121 -2 1 4 3 3 21 
122 -2 1 4 3 3 22 
123 -2 1 4 3 3 23 
124 -2 1 4 3 3 24 
125 -2 1 4 3 3 25 
126 -2 1 4 3 3 26 
127 -2 1 4 3 3 27 
128 -2 1 4 3 3 28 
129 -2 1 4 3 3 29 
130 -2 1 4 3 3 30 
131 -2 1 4 3 3 31 
132 -2 1 4 3 3 32 
133 -2 1 4 3 4 1 
134 -2 1 4 3 4 17 
135 -2 1 4 3 4 18 
136 -2 1 4 3 4 19 
137 -2 1 4 3 4 20 
138 -2 1 4 3 4 21 
139 -2 1 4 3 4 22 
140 -2 1 4 3 4 23 
141 -2 1 4 3 4 24 
142 -2 1 4 3 4 25 
143 -2 1 4 3 4 26 
144 -2 1 4 3 4 27 
145 -2 1 4 3 4 28 
146 -2 1 4 3 4 29 
147 -2 1 4 3 4 30 
148 -2 1 4 3 4 31 
149 -2 1 4 3 4 32 
150 -2 2 1 1 4 1 
151 -2 2 1 2 4 1 
152 -2 2 1 2 4 5 
153 -2 2 1 3 4 1 
154 -2 2 2 1 1 60 
155 -2 2 2 1 4 1 
156 -2 2 2 1 4 41 
157 -2 2 2 2 4 1 
158 -2 2 2 2 4 18 
159 -2 2 2 3 1 60 
160 -2 2 2 3 4 1 
161 -2 2 3 1 1 72 
162 -2 2 3 1 4 1 
163 -2 2 3 2 4 1 
164 -2 2 3 3 1 72 
165 -2 2 3 3 4 1 
166 -2 2 4 1 4 1 
167 -2 2 4 3 1 14 
168 -2 2 4 3 4 1 
169 -2 3 1 1 1 11 
170 -2 3 1 1 3 11 
171 -2 3 1 1 4 1 
172 -2 3 1 2 4 1 
173 -2 3 1 3 3 8 
174 -2 3 1 3 4 1 
175 -2 3 2 1 1 60 
176 -2 3 2 1 4 1 
177 -2 3 2 2 4 1 
178 -2 3 2 3 1 60 
179 -2 3 2 3 3 3 
180 -2 3 2 3 4 1 
181 -2 3 3 1 1 72 
182 -2 3 3 1 4 1 
183 -2 3 3 2 2 57 
184 -2 3 3 2 4 1 
185 -2 3 3 3 1 72 
186 -2 3 3 3 4 1 
187 -2 3 4 1 4 1 
188 -2 3 4 3 4 1 
189 -2 4 1 1 4 1 
190 -2 4 1 2 4 1 
191 -2 4 1 3 4 1 
192 -2 4 2 1 1 60 
193 -2 4 2 1 4 1 
194 -2 4 2 1 4 16 
195 -2 4 2 2 4 1 
196 -2 4 2 3 1 13 
197 -2 4 2 3 1 17 
198 -2 4 2 3 1 30 
199 -2 4 2 3 1 60 
200 -2 4 2 3 3 51 
201 -2 4 2 3 4 1 
202 -2 4 3 1 1 72 
203 -2 4 3 1 3 25 
204 -2 4 3 1 4 1 
205 -2 4 3 2 4 1 
206 -2 4 3 3 1 72 
207 -2 4 3 3 4 1 
208 -2 4 4 1 1 72 
209 -2 4 4 1 4 1 
210 -2 4 4 1 4 33 
211 -2 4 4 3 1 72 
212 -2 4 4 3 4 1 
213 -2 5 1 1 3 23 
214 -2 5 1 1 4 1 
215 -2 5 1 2 4 1 
216 -2 5 1 3 4 1 
217 -2 5 2 1 1 60 
218 -2 5 2 1 4 1 
219 -2 5 2 2 4 1 
220 -2 5 2 2 4 10 
221 -2 5 2 3 1 60 
222 -2 5 2 3 2 17 
223 -2 5 2 3 3 34 
224 -2 5 2 3 4 1 
225 -2 5 3 1 1 72 
226 -2 5 3 1 4 1 
227 -2 5 3 2 4 1 
228 -2 5 3 3 1 72 
229 -2 5 3 3 4 1 
230 -2 5 4 1 4 1 
231 -2 5 4 3 4 1 
232 -2 6 1 1 4 1 
233 -2 6 1 2 2 8 
234 -2 6 1 2 4 1 
235 -2 6 1 3 4 1 
236 -2 6 2 1 1 60 
237 -2 6 2 1 4 1 
238 -2 6 2 2 3 17 
239 -2 6 2 2 4 1 
240 -2 6 2 3 1 60 
241 -2 6 2 3 4 1 
242 -2 6 3 1 1 72 
243 -2 6 3 1 4 1 
244 -2 6 3 2 4 1 
245 -2 6 3 3 1 72 
246 -2 6 3 3 4 1 
247 -2 6 4 1 4 1 
248 -2 6 4 3 4 1 
249 -2 7 1 1 4 1 
250 -2 7 1 2 4 1 
251 -2 7 1 3 4 1 
252 -2 7 2 1 1 18 
253 -2 7 2 1 1 60 
254 -2 7 2 1 4 1 
255 -2 7 2 2 4 1 
256 -2 7 2 3 1 60 
257 -2 7 2 3 4 1 
258 -2 7 3 1 1 72 
259 -2 7 3 1 4 1 
260 -2 7 3 2 4 1 
261 -2 7 3 3 1 72 
262 -2 7 3 3 4 1 
263 -2 7 4 1 4 1 
264 -2 7 4 3 4 1 
265 -2 8 1 1 4 1 
266 -2 8 1 2 1 6 
267 -2 8 1 2 2 2 
268 -2 8 1 2 4 1 
269 -2 8 1 3 4 1 
270 -2 8 2 1 1 60 
271 -2 8 2 1 4 1 
272 -2 8 2 2 4 1 
273 -2 8 2 3 1 60 
274 -2 8 2 3 4 1 
275 -2 8 3 1 1 72 
276 -2 8 3 1 4 1 
277 -2 8 3 2 4 1 
278 -2 8 3 3 1 72 
279 -2 8 3 3 3 2 
280 -2 8 3 3 4 1 
281 -2 8 4 1 1 92 
282 -2 8 4 1 4 1 
283 -2 8 4 3 1 92 
284 -2 8 4 3 4 1 
285 -2 9 1 1 3 5 
286 -2 9 1 1 3 22 
287 -2 9 1 1 4 1 
288 -2 9 1 2 4 1 
289 -2 9 1 3 4 1 
290 -2 9 2 1 1 60 
291 -2 9 2 1 4 1 
292 -2 9 2 2 1 28 
293 -2 9 2 2 4 1 
294 -2 9 2 3 1 60 
295 -2 9 2 3 4 1 
296 -2 9 3 1 1 72 
297 -2 9 3 1 4 1 
298 -2 9 3 2 4 1 
299 -2 9 3 3 1 72 
300 -2 9 3 3 4 1 
301 -2 9 4 1 1 48 
302 -2 9 4 1 4 1 
303 -2 9 4 3 1 48 
304 -2 9 4 3 4 1 
305 -2 10 1 1 4 1 
306 -2 10 1 1 4 25 
307 -2 10 1 2 4 1 
308 -2 10 1 3 2 6 
309 -2 10 1 3 2 26 
310 -2 10 1 3 2 48 
311 -2 10 1 3 4 1 
312 -2 10 2 1 1 60 
313 -2 10 2 1 4 1 
314 -2 10 2 1 4 53 
315 -2 10 2 2 4 1 
316 -2 10 2 3 1 60 
317 -2 10 2 3 4 1 
318 -2 10 3 1 1 72 
319 -2 10 3 1 4 1 
320 -2 10 3 1 4 36 
321 -2 10 3 2 4 1 
322 -2 10 3 3 1 72 
323 -2 10 3 3 4 1 
324 -2 10 4 1 1 60 
325 -2 10 4 1 3 17 
326 -2 10 4 1 4 1 
327 -2 10 4 3 1 60 
328 -2 10 4 3 4 1 
329 -2 11 1 1 4 1 
330 -2 11 1 2 4 1 
331 -2 11 1 3 4 1 
332 -2 11 2 1 1 5 
333 -2 11 2 1 1 60 
334 -2 11 2 1 3 9 
335 -2 11 2 1 4 1 
336 -2 11 2 1 4 18 
337 -2 11 2 2 4 1 
338 -2 11 2 3 1 60 
339 -2 11 2 3 4 1 
340 -2 11 2 3 4 2 
341 -2 11 3 1 1 72 
342 -2 11 3 1 4 1 
343 -2 11 3 2 1 6 
344 -2 11 3 2 4 1 
345 -2 11 3 3 1 72 
346 -2 11 3 3 4 1 
347 -2 11 4 1 1 48 
348 -2 11 4 1 4 1 
349 -2 11 4 3 1 48 
350 -2 11 4 3 4 1 
351 -2 12 1 1 4 1 
352 -2 12 1 1 4 49 
353 -2 12 1 2 3 57 
354 -2 12 1 2 4 1 
355 -2 12 1 2 4 57 
356 -2 12 1 3 4 1 
357 -2 12 2 1 1 60 
358 -2 12 2 1 3 35 
359 -2 12 2 1 4 1 
360 -2 12 2 2 4 1 
361 -2 12 2 2 4 17 
362 -2 12 2 3 1 3 
363 -2 12 2 3 1 60 
364 -2 12 2 3 2 7 
365 -2 12 2 3 4 1 
366 -2 12 3 1 1 72 
367 -2 12 3 1 4 1 
368 -2 12 3 1 4 19 
369 -2 12 3 2 4 1 
370 -2 12 3 3 1 72 
371 -2 12 3 3 4 1 
372 -2 12 4 1 1 92 
373 -2 12 4 1 4 1 
374 -2 12 4 3 1 92 
375 -2 12 4 3 4 1 
376 -2 13 4 1 1 72 
377 -2 13 4 1 4 1 
378 -2 13 4 3 1 72 
379 -2 13 4 3 4 1 
380 -2 14 4 1 1 60 
381 -2 14 4 1 4 1 
382 -2 14 4 3 1 60 
383 -2 14 4 3 4 1 
384 -1 1 1 1 3 19 
385 -1 1 1 1 4 1 
386 -1 1 1 2 1 1 
387 -1 1 1 2 1 2 
388 -1 1 1 2 1 3 
389 -1 1 1 2 1 4 
390 -1 1 1 2 1 5 
391 -1 1 1 2 1 6 
392 -1 1 1 2 1 7 
393 -1 1 1 2 1 8 
394 -1 1 1 2 1 9 
395 -1 1 1 2 1 10 
396 -1 1 1 2 1 11 
397 -1 1 1 2 1 12 
398 -1 1 1 2 1 13 
399 -1 1 1 2 1 14 
400 -1 1 1 2 1 15 
401 -1 1 1 2 1 16 
402 -1 1 1 2 1 17 
403 -1 1 1 2 1 18 
404 -1 1 1 2 1 19 
405 -1 1 1 2 1 20 
406 -1 1 1 2 1 21 
407 -1 1 1 2 1 22 
408 -1 1 1 2 1 23 
409 -1 1 1 2 1 24 
410 -1 1 1 2 1 25 
411 -1 1 1 2 1 26 
412 -1 1 1 2 1 27 
413 -1 1 1 2 1 28 
414 -1 1 1 2 1 29 
415 -1 1 1 2 1 30 
416 -1 1 1 2 1 31 
417 -1 1 1 2 1 32 
418 -1 1 1 2 2 1 
419 -1 1 1 2 2 2 
420 -1 1 1 2 2 3 
421 -1 1 1 2 2 4 
422 -1 1 1 2 2 5 
423 -1 1 1 2 2 6 
424 -1 1 1 2 2 7 
425 -1 1 1 2 2 8 
426 -1 1 1 2 2 9 
427 -1 1 1 2 2 10 
428 -1 1 1 2 2 11 
429 -1 1 1 2 2 12 
430 -1 1 1 2 2 13 
431 -1 1 1 2 2 14 
432 -1 1 1 2 2 15 
433 -1 1 1 2 2 16 
434 -1 1 1 2 2 17 
435 -1 1 1 2 2 18 
436 -1 1 1 2 2 19 
437 -1 1 1 2 2 20 
438 -1 1 1 2 2 21 
439 -1 1 1 2 2 22 
440 -1 1 1 2 2 23 
441 -1 1 1 2 2 24 
442 -1 1 1 2 2 25 
443 -1 1 1 2 2 26 
444 -1 1 1 2 2 27 
445 -1 1 1 2 2 28 
446 -1 1 1 2 2 29 
447 -1 1 1 2 2 30 
448 -1 1 1 2 2 31 
449 -1 1 1 2 2 32 
450 -1 1 1 2 3 1 
451 -1 1 1 2 3 2 
452 -1 1 1 2 3 3 
453 -1 1 1 2 3 4 
454 -1 1 1 2 3 5 
455 -1 1 1 2 3 6 
456 -1 1 1 2 3 7 
457 -1 1 1 2 3 8 
458 -1 1 1 2 3 9 
459 -1 1 1 2 3 10 
460 -1 1 1 2 3 11 
461 -1 1 1 2 3 12 
462 -1 1 1 2 3 13 
463 -1 1 1 2 3 14 
464 -1 1 1 2 3 15 
465 -1 1 1 2 3 16 
466 -1 1 1 2 3 17 
467 -1 1 1 2 3 18 
468 -1 1 1 2 3 19 
469 -1 1 1 2 3 20 
470 -1 1 1 2 3 21 
471 -1 1 1 2 3 22 
472 -1 1 1 2 3 23 
473 -1 1 1 2 3 24 
474 -1 1 1 2 3 25 
475 -1 1 1 2 3 26 
476 -1 1 1 2 3 27 
477 -1 1 1 2 3 28 
478 -1 1 1 2 3 29 
479 -1 1 1 2 3 30 
480 -1 1 1 2 3 31 
481 -1 1 1 2 3 32 
482 -1 1 1 2 4 1 
483 -1 1 1 2 4 2 
484 -1 1 1 2 4 3 
485 -1 1 1 2 4 4 
486 -1 1 1 2 4 5 
487 -1 1 1 2 4 6 
488 -1 1 1 2 4 7 
489 -1 1 1 2 4 8 
490 -1 1 1 2 4 9 
491 -1 1 1 2 4 10 
492 -1 1 1 2 4 11 
493 -1 1 1 2 4 12 
494 -1 1 1 2 4 13 
495 -1 1 1 2 4 14 
496 -1 1 1 2 4 15 
497 -1 1 1 2 4 16 
498 -1 1 1 2 4 17 
499 -1 1 1 2 4 18 
500 -1 1 1 2 4 19 
501 -1 1 1 2 4 20 
502 -1 1 1 2 4 21 
503 -1 1 1 2 4 22 
504 -1 1 1 2 4 23 
505 -1 1 1 2 4 24 
506 -1 1 1 2 4 25 
507 -1 1 1 2 4 26 
508 -1 1 1 2 4 27 
509 -1 1 1 2 4 28 
510 -1 1 1 2 4 29 
511 -1 1 1 2 4 30 
512 -1 1 1 2 4 31 
513 -1 1 1 2 4 32 
514 -1 1 1 3 1 15 
515 -1 1 1 3 4 1 
516 -1 1 2 1 1 17 
517 -1 1 2 1 1 19 
518 -1 1 2 1 1 20 
519 -1 1 2 1 1 21 
520 -1 1 2 1 1 22 
521 -1 1 2 1 1 23 
522 -1 1 2 1 1 24 
523 -1 1 2 1 1 25 
524 -1 1 2 1 1 26 
525 -1 1 2 1 1 27 
526 -1 1 2 1 1 28 
527 -1 1 2 1 1 29 
528 -1 1 2 1 1 30 
529 -1 1 2 1 1 31 
530 -1 1 2 1 1 32 
531 -1 1 2 1 1 60 
532 -1 1 2 1 2 17 
533 -1 1 2 1 2 18 
534 -1 1 2 1 2 20 
535 -1 1 2 1 2 21 
536 -1 1 2 1 2 22 
537 -1 1 2 1 2 23 
538 -1 1 2 1 2 24 
539 -1 1 2 1 2 25 
540 -1 1 2 1 2 26 
541 -1 1 2 1 2 27 
542 -1 1 2 1 2 28 
543 -1 1 2 1 2 29 
544 -1 1 2 1 2 30 
545 -1 1 2 1 2 31 
546 -1 1 2 1 2 32 
547 -1 1 2 1 3 17 
548 -1 1 2 1 3 18 
549 -1 1 2 1 3 19 
550 -1 1 2 1 3 20 
551 -1 1 2 1 3 21 
552 -1 1 2 1 3 22 
553 -1 1 2 1 3 23 
554 -1 1 2 1 3 24 
555 -1 1 2 1 3 25 
556 -1 1 2 1 3 26 
557 -1 1 2 1 3 27 
558 -1 1 2 1 3 28 
559 -1 1 2 1 3 29 
560 -1 1 2 1 3 30 
561 -1 1 2 1 3 31 
562 -1 1 2 1 3 32 
563 -1 1 2 1 4 1 
564 -1 1 2 1 4 17 
565 -1 1 2 1 4 18 
566 -1 1 2 1 4 20 
567 -1 1 2 1 4 21 
568 -1 1 2 1 4 22 
569 -1 1 2 1 4 23 
570 -1 1 2 1 4 24 
571 -1 1 2 1 4 25 
572 -1 1 2 1 4 26 
573 -1 1 2 1 4 27 
574 -1 1 2 1 4 28 
575 -1 1 2 1 4 29 
576 -1 1 2 1 4 30 
577 -1 1 2 1 4 31 
578 -1 1 2 1 4 32 
579 -1 1 2 2 4 1 
580 -1 1 2 3 1 3 
581 -1 1 2 3 1 17 
582 -1 1 2 3 1 18 
583 -1 1 2 3 1 19 
584 -1 1 2 3 1 20 
585 -1 1 2 3 1 21 
586 -1 1 2 3 1 22 
587 -1 1 2 3 1 23 
588 -1 1 2 3 1 24 
589 -1 1 2 3 1 25 
590 -1 1 2 3 1 26 
591 -1 1 2 3 1 27 
592 -1 1 2 3 1 28 
593 -1 1 2 3 1 29 
594 -1 1 2 3 1 30 
595 -1 1 2 3 1 31 
596 -1 1 2 3 1 32 
597 -1 1 2 3 1 60 
598 -1 1 2 3 2 17 
599 -1 1 2 3 2 18 
600 -1 1 2 3 2 19 
601 -1 1 2 3 2 20 
602 -1 1 2 3 2 22 
603 -1 1 2 3 2 23 
604 -1 1 2 3 2 24 
605 -1 1 2 3 2 25 
606 -1 1 2 3 2 26 
607 -1 1 2 3 2 27 
608 -1 1 2 3 2 28 
609 -1 1 2 3 2 29 
610 -1 1 2 3 2 30 
611 -1 1 2 3 2 31 
612 -1 1 2 3 2 32 
613 -1 1 2 3 3 3 
614 -1 1 2 3 3 17 
615 -1 1 2 3 3 18 
616 -1 1 2 3 3 19 
617 -1 1 2 3 3 20 
618 -1 1 2 3 3 22 
619 -1 1 2 3 3 23 
620 -1 1 2 3 3 24 
621 -1 1 2 3 3 25 
622 -1 1 2 3 3 26 
623 -1 1 2 3 3 27 
624 -1 1 2 3 3 28 
625 -1 1 2 3 3 29 
626 -1 1 2 3 3 30 
627 -1 1 2 3 3 31 
628 -1 1 2 3 3 32 
629 -1 1 2 3 4 1 
630 -1 1 2 3 4 17 
631 -1 1 2 3 4 18 
632 -1 1 2 3 4 19 
633 -1 1 2 3 4 20 
634 -1 1 2 3 4 21 
635 -1 1 2 3 4 22 
636 -1 1 2 3 4 23 
637 -1 1 2 3 4 24 
638 -1 1 2 3 4 25 
639 -1 1 2 3 4 26 
640 -1 1 2 3 4 27 
641 -1 1 2 3 4 28 
642 -1 1 2 3 4 29 
643 -1 1 2 3 4 30 
644 -1 1 2 3 4 31 
645 -1 1 2 3 4 32 
646 -1 1 2 3 4 42 
647 -1 1 3 1 1 72 
648 -1 1 3 1 4 1 
649 -1 1 3 2 4 1 
650 -1 1 3 3 1 72 
651 -1 1 3 3 4 1 
652 -1 1 4 1 4 1 
653 -1 1 4 3 4 1 
654 -1 2 1 1 3 43 
655 -1 2 1 1 4 1 
656 -1 2 1 2 2 53 
657 -1 2 1 2 4 1 
658 -1 2 1 3 4 1 
659 -1 2 2 1 1 32 
660 -1 2 2 1 1 60 
661 -1 2 2 1 2 1 
662 -1 2 2 1 4 1 
663 -1 2 2 2 3 17 
664 -1 2 2 2 4 1 
665 -1 2 2 3 1 60 
666 -1 2 2 3 3 60 
667 -1 2 2 3 4 1 
668 -1 2 2 3 4 2 
669 -1 2 3 1 1 72 
670 -1 2 3 1 4 1 
671 -1 2 3 2 4 1 
672 -1 2 3 3 1 72 
673 -1 2 3 3 4 1 
674 -1 2 4 1 4 1 
675 -1 2 4 3 4 1 
676 -1 2 4 3 4 9 
677 -1 3 1 1 4 1 
678 -1 3 1 2 1 48 
679 -1 3 1 2 4 1 
680 -1 3 1 3 4 1 
681 -1 3 2 1 1 60 
682 -1 3 2 1 4 1 
683 -1 3 2 2 1 48 
684 -1 3 2 2 4 1 
685 -1 3 2 3 1 24 
686 -1 3 2 3 1 60 
687 -1 3 2 3 4 1 
688 -1 3 3 1 1 72 
689 -1 3 3 1 4 1 
690 -1 3 3 2 1 48 
691 -1 3 3 2 4 1 
692 -1 3 3 3 1 72 
693 -1 3 3 3 4 1 
694 -1 3 4 1 4 1 
695 -1 3 4 3 4 1 
696 -1 4 1 1 4 1 
697 -1 4 1 2 4 1 
698 -1 4 1 2 4 18 
699 -1 4 1 3 4 1 
700 -1 4 2 1 1 60 
701 -1 4 2 1 3 28 
702 -1 4 2 1 4 1 
703 -1 4 2 2 1 34 
704 -1 4 2 2 3 23 
705 -1 4 2 2 4 1 
706 -1 4 2 3 1 32 
707 -1 4 2 3 1 60 
708 -1 4 2 3 4 1 
709 -1 4 3 1 1 1 
710 -1 4 3 1 1 2 
711 -1 4 3 1 1 3 
712 -1 4 3 1 1 4 
713 -1 4 3 1 1 5 
714 -1 4 3 1 1 6 
715 -1 4 3 1 1 7 
716 -1 4 3 1 1 8 
717 -1 4 3 1 1 9 
718 -1 4 3 1 1 10 
719 -1 4 3 1 1 11 
720 -1 4 3 1 1 12 
721 -1 4 3 1 1 13 
722 -1 4 3 1 1 14 
723 -1 4 3 1 1 15 
724 -1 4 3 1 1 16 
725 -1 4 3 1 1 72 
726 -1 4 3 1 2 1 
727 -1 4 3 1 2 2 
728 -1 4 3 1 2 3 
729 -1 4 3 1 2 4 
730 -1 4 3 1 2 5 
731 -1 4 3 1 2 6 
732 -1 4 3 1 2 7 
733 -1 4 3 1 2 8 
734 -1 4 3 1 2 9 
735 -1 4 3 1 2 10 
736 -1 4 3 1 2 11 
737 -1 4 3 1 2 12 
738 -1 4 3 1 2 13 
739 -1 4 3 1 2 14 
740 -1 4 3 1 2 15 
741 -1 4 3 1 2 16 
742 -1 4 3 1 3 1 
743 -1 4 3 1 3 2 
744 -1 4 3 1 3 3 
745 -1 4 3 1 3 4 
746 -1 4 3 1 3 5 
747 -1 4 3 1 3 6 
748 -1 4 3 1 3 7 
749 -1 4 3 1 3 8 
750 -1 4 3 1 3 9 
751 -1 4 3 1 3 10 
752 -1 4 3 1 3 11 
753 -1 4 3 1 3 12 
754 -1 4 3 1 3 13 
755 -1 4 3 1 3 14 
756 -1 4 3 1 3 15 
757 -1 4 3 1 3 16 
758 -1 4 3 1 4 1 
759 -1 4 3 1 4 2 
760 -1 4 3 1 4 3 
761 -1 4 3 1 4 4 
762 -1 4 3 1 4 5 
763 -1 4 3 1 4 6 
764 -1 4 3 1 4 7 
765 -1 4 3 1 4 8 
766 -1 4 3 1 4 9 
767 -1 4 3 1 4 10 
768 -1 4 3 1 4 11 
769 -1 4 3 1 4 12 
770 -1 4 3 1 4 13 
771 -1 4 3 1 4 14 
772 -1 4 3 1 4 15 
773 -1 4 3 1 4 16 
774 -1 4 3 2 4 1 
775 -1 4 3 3 1 1 
776 -1 4 3 3 1 2 
777 -1 4 3 3 1 3 
778 -1 4 3 3 1 4 
779 -1 4 3 3 1 5 
780 -1 4 3 3 1 6 
781 -1 4 3 3 1 7 
782 -1 4 3 3 1 8 
783 -1 4 3 3 1 9 
784 -1 4 3 3 1 10 
785 -1 4 3 3 1 11 
786 -1 4 3 3 1 12 
787 -1 4 3 3 1 13 
788 -1 4 3 3 1 14 
789 -1 4 3 3 1 15 
790 -1 4 3 3 1 16 
791 -1 4 3 3 1 72 
792 -1 4 3 3 2 1 
793 -1 4 3 3 2 2 
794 -1 4 3 3 2 3 
795 -1 4 3 3 2 4 
796 -1 4 3 3 2 5 
797 -1 4 3 3 2 6 
798 -1 4 3 3 2 7 
799 -1 4 3 3 2 8 
800 -1 4 3 3 2 9 
801 -1 4 3 3 2 10 
802 -1 4 3 3 2 11 
803 -1 4 3 3 2 12 
804 -1 4 3 3 2 13 
805 -1 4 3 3 2 14 
806 -1 4 3 3 2 15 
807 -1 4 3 3 2 16 
808 -1 4 3 3 3 1 
809 -1 4 3 3 3 2 
810 -1 4 3 3 3 3 
811 -1 4 3 3 3 4 
812 -1 4 3 3 3 5 
813 -1 4 3 3 3 6 
814 -1 4 3 3 3 7 
815 -1 4 3 3 3 8 
816 -1 4 3 3 3 9 
817 -1 4 3 3 3 10 
818 -1 4 3 3 3 11 
819 -1 4 3 3 3 12 
820 -1 4 3 3 3 13 
821 -1 4 3 3 3 14 
822 -1 4 3 3 3 15 
823 -1 4 3 3 3 16 
824 -1 4 3 3 4 1 
825 -1 4 3 3 4 2 
826 -1 4 3 3 4 3 
827 -1 4 3 3 4 4 
828 -1 4 3 3 4 5 
829 -1 4 3 3 4 6 
830 -1 4 3 3 4 7 
831 -1 4 3 3 4 8 
832 -1 4 3 3 4 9 
833 -1 4 3 3 4 10 
834 -1 4 3 3 4 11 
835 -1 4 3 3 4 12 
836 -1 4 3 3 4 13 
837 -1 4 3 3 4 14 
838 -1 4 3 3 4 15 
839 -1 4 3 3 4 16 
840 -1 4 4 1 1 72 
841 -1 4 4 1 3 56 
842 -1 4 4 1 4 1 
843 -1 4 4 3 1 72 
844 -1 4 4 3 4 1 
845 -1 5 1 1 4 1 
846 -1 5 1 2 4 1 
847 -1 5 1 3 4 1 
848 -1 5 2 1 1 60 
849 -1 5 2 1 3 4 
850 -1 5 2 1 4 1 
851 -1 5 2 1 4 33 
852 -1 5 2 2 4 1 
853 -1 5 2 2 4 33 
854 -1 5 2 3 1 60 
855 -1 5 2 3 4 1 
856 -1 5 3 1 1 72 
857 -1 5 3 1 4 1 
858 -1 5 3 2 4 1 
859 -1 5 3 3 1 72 
860 -1 5 3 3 4 1 
861 -1 5 4 1 1 15 
862 -1 5 4 1 4 1 
863 -1 5 4 3 2 79 
864 -1 5 4 3 4 1 
865 -1 6 1 1 4 1 
866 -1 6 1 2 4 1 
867 -1 6 1 3 4 1 
868 -1 6 2 1 1 60 
869 -1 6 2 1 4 1 
870 -1 6 2 2 1 28 
871 -1 6 2 2 1 54 
872 -1 6 2 2 4 1 
873 -1 6 2 3 1 60 
874 -1 6 2 3 3 15 
875 -1 6 2 3 3 50 
876 -1 6 2 3 4 1 
877 -1 6 3 1 1 69 
878 -1 6 3 1 1 70 
879 -1 6 3 1 1 71 
880 -1 6 3 1 1 72 
881 -1 6 3 1 2 69 
882 -1 6 3 1 2 70 
883 -1 6 3 1 2 71 
884 -1 6 3 1 2 72 
885 -1 6 3 1 3 69 
886 -1 6 3 1 3 70 
887 -1 6 3 1 3 71 
888 -1 6 3 1 3 72 
889 -1 6 3 1 4 1 
890 -1 6 3 1 4 69 
891 -1 6 3 1 4 70 
892 -1 6 3 1 4 71 
893 -1 6 3 1 4 72 
894 -1 6 3 2 4 1 
895 -1 6 3 3 1 72 
896 -1 6 3 3 4 1 
897 -1 6 4 1 4 1 
898 -1 6 4 3 4 1 
899 -1 7 1 1 4 1 
900 -1 7 1 2 4 1 
901 -1 7 1 3 4 1 
902 -1 7 2 1 1 60 
903 -1 7 2 1 4 1 
904 -1 7 2 2 4 1 
905 -1 7 2 3 1 60 
906 -1 7 2 3 4 1 
907 -1 7 2 3 4 3 
908 -1 7 3 1 1 17 
909 -1 7 3 1 1 18 
910 -1 7 3 1 1 19 
911 -1 7 3 1 1 20 
912 -1 7 3 1 1 21 
913 -1 7 3 1 1 22 
914 -1 7 3 1 1 23 
915 -1 7 3 1 1 24 
916 -1 7 3 1 1 25 
917 -1 7 3 1 1 26 
918 -1 7 3 1 1 27 
919 -1 7 3 1 1 28 
920 -1 7 3 1 1 29 
921 -1 7 3 1 1 30 
922 -1 7 3 1 1 31 
923 -1 7 3 1 1 32 
924 -1 7 3 1 1 72 
925 -1 7 3 1 2 17 
926 -1 7 3 1 2 18 
927 -1 7 3 1 2 19 
928 -1 7 3 1 2 20 
929 -1 7 3 1 2 21 
930 -1 7 3 1 2 22 
931 -1 7 3 1 2 23 
932 -1 7 3 1 2 24 
933 -1 7 3 1 2 25 
934 -1 7 3 1 2 26 
935 -1 7 3 1 2 27 
936 -1 7 3 1 2 28 
937 -1 7 3 1 2 29 
938 -1 7 3 1 2 30 
939 -1 7 3 1 2 31 
940 -1 7 3 1 2 32 
941 -1 7 3 1 3 17 
942 -1 7 3 1 3 18 
943 -1 7 3 1 3 19 
944 -1 7 3 1 3 20 
945 -1 7 3 1 3 21 
946 -1 7 3 1 3 22 
947 -1 7 3 1 3 23 
948 -1 7 3 1 3 24 
949 -1 7 3 1 3 25 
950 -1 7 3 1 3 26 
951 -1 7 3 1 3 27 
952 -1 7 3 1 3 28 
953 -1 7 3 1 3 29 
954 -1 7 3 1 3 30 
955 -1 7 3 1 3 31 
956 -1 7 3 1 3 32 
957 -1 7 3 1 4 1 
958 -1 7 3 1 4 17 
959 -1 7 3 1 4 18 
960 -1 7 3 1 4 19 
961 -1 7 3 1 4 20 
962 -1 7 3 1 4 21 
963 -1 7 3 1 4 22 
964 -1 7 3 1 4 23 
965 -1 7 3 1 4 24 
966 -1 7 3 1 4 25 
967 -1 7 3 1 4 26 
968 -1 7 3 1 4 27 
969 -1 7 3 1 4 28 
970 -1 7 3 1 4 29 
971 -1 7 3 1 4 30 
972 -1 7 3 1 4 31 
973 -1 7 3 1 4 32 
974 -1 7 3 2 2 5 
975 -1 7 3 2 4 1 
976 -1 7 3 3 1 17 
977 -1 7 3 3 1 18 
978 -1 7 3 3 1 19 
979 -1 7 3 3 1 20 
980 -1 7 3 3 1 21 
981 -1 7 3 3 1 22 
982 -1 7 3 3 1 23 
983 -1 7 3 3 1 24 
984 -1 7 3 3 1 25 
985 -1 7 3 3 1 26 
986 -1 7 3 3 1 27 
987 -1 7 3 3 1 28 
988 -1 7 3 3 1 29 
989 -1 7 3 3 1 30 
990 -1 7 3 3 1 31 
991 -1 7 3 3 1 32 
992 -1 7 3 3 1 72 
993 -1 7 3 3 2 1 
994 -1 7 3 3 2 2 
995 -1 7 3 3 2 3 
996 -1 7 3 3 2 4 
997 -1 7 3 3 2 5 
998 -1 7 3 3 2 6 
999 -1 7 3 3 2 7 
1000 -1 7 3 3 2 8 
1001 -1 7 3 3 2 9 
1002 -1 7 3 3 2 10 
1003 -1 7 3 3 2 11 
1004 -1 7 3 3 2 12 
1005 -1 7 3 3 2 13 
1006 -1 7 3 3 2 14 
1007 -1 7 3 3 2 15 
1008 -1 7 3 3 2 16 
1009 -1 7 3 3 2 17 
1010 -1 7 3 3 2 18 
1011 -1 7 3 3 2 19 
1012 -1 7 3 3 2 20 
1013 -1 7 3 3 2 21 
1014 -1 7 3 3 2 22 
1015 -1 7 3 3 2 23 
1016 -1 7 3 3 2 24 
1017 -1 7 3 3 2 25 
1018 -1 7 3 3 2 26 
1019 -1 7 3 3 2 27 
1020 -1 7 3 3 2 28 
1021 -1 7 3 3 2 29 
1022 -1 7 3 3 2 30 
1023 -1 7 3 3 2 31 
1024 -1 7 3 3 2 32 
1025 -1 7 3 3 3 17 
1026 -1 7 3 3 3 18 
1027 -1 7 3 3 3 19 
1028 -1 7 3 3 3 20 
1029 -1 7 3 3 3 21 
1030 -1 7 3 3 3 22 
1031 -1 7 3 3 3 23 
1032 -1 7 3 3 3 24 
1033 -1 7 3 3 3 25 
1034 -1 7 3 3 3 26 
1035 -1 7 3 3 3 27 
1036 -1 7 3 3 3 28 
1037 -1 7 3 3 3 29 
1038 -1 7 3 3 3 30 
1039 -1 7 3 3 3 31 
1040 -1 7 3 3 3 32 
1041 -1 7 3 3 4 1 
1042 -1 7 3 3 4 17 
1043 -1 7 3 3 4 18 
1044 -1 7 3 3 4 19 
1045 -1 7 3 3 4 20 
1046 -1 7 3 3 4 21 
1047 -1 7 3 3 4 22 
1048 -1 7 3 3 4 23 
1049 -1 7 3 3 4 24 
1050 -1 7 3 3 4 25 
1051 -1 7 3 3 4 26 
1052 -1 7 3 3 4 27 
1053 -1 7 3 3 4 28 
1054 -1 7 3 3 4 29 
1055 -1 7 3 3 4 30 
1056 -1 7 3 3 4 31 
1057 -1 7 3 3 4 32 
1058 -1 7 3 3 4 42 
1059 -1 7 4 1 4 1 
1060 -1 7 4 3 4 1 
1061 -1 8 1 1 4 1 
1062 -1 8 1 2 4 1 
1063 -1 8 1 3 1 25 
1064 -1 8 1 3 4 1 
1065 -1 8 2 1 1 9 
1066 -1 8 2 1 1 60 
1067 -1 8 2 1 4 1 
1068 -1 8 2 2 3 6 
1069 -1 8 2 2 4 1 
1070 -1 8 2 3 1 60 
1071 -1 8 2 3 4 1 
1072 -1 8 3 1 1 49 
1073 -1 8 3 1 1 50 
1074 -1 8 3 1 1 51 
1075 -1 8 3 1 1 52 
1076 -1 8 3 1 1 53 
1077 -1 8 3 1 1 54 
1078 -1 8 3 1 1 55 
1079 -1 8 3 1 1 56 
1080 -1 8 3 1 1 57 
1081 -1 8 3 1 1 58 
1082 -1 8 3 1 1 59 
1083 -1 8 3 1 1 60 
1084 -1 8 3 1 1 61 
1085 -1 8 3 1 1 62 
1086 -1 8 3 1 1 63 
1087 -1 8 3 1 1 64 
1088 -1 8 3 1 1 72 
1089 -1 8 3 1 2 49 
1090 -1 8 3 1 2 50 
1091 -1 8 3 1 2 51 
1092 -1 8 3 1 2 52 
1093 -1 8 3 1 2 53 
1094 -1 8 3 1 2 54 
1095 -1 8 3 1 2 55 
1096 -1 8 3 1 2 56 
1097 -1 8 3 1 2 57 
1098 -1 8 3 1 2 58 
1099 -1 8 3 1 2 59 
1100 -1 8 3 1 2 60 
1101 -1 8 3 1 2 61 
1102 -1 8 3 1 2 62 
1103 -1 8 3 1 2 64 
1104 -1 8 3 1 3 49 
1105 -1 8 3 1 3 50 
1106 -1 8 3 1 3 51 
1107 -1 8 3 1 3 52 
1108 -1 8 3 1 3 53 
1109 -1 8 3 1 3 54 
1110 -1 8 3 1 3 55 
1111 -1 8 3 1 3 56 
1112 -1 8 3 1 3 57 
1113 -1 8 3 1 3 58 
1114 -1 8 3 1 3 59 
1115 -1 8 3 1 3 60 
1116 -1 8 3 1 3 61 
1117 -1 8 3 1 3 62 
1118 -1 8 3 1 3 63 
1119 -1 8 3 1 3 64 
1120 -1 8 3 1 4 1 
1121 -1 8 3 1 4 49 
1122 -1 8 3 1 4 50 
1123 -1 8 3 1 4 51 
1124 -1 8 3 1 4 52 
1125 -1 8 3 1 4 53 
1126 -1 8 3 1 4 54 
1127 -1 8 3 1 4 55 
1128 -1 8 3 1 4 56 
1129 -1 8 3 1 4 57 
1130 -1 8 3 1 4 58 
1131 -1 8 3 1 4 60 
1132 -1 8 3 1 4 61 
1133 -1 8 3 1 4 62 
1134 -1 8 3 1 4 63 
1135 -1 8 3 1 4 64 
1136 -1 8 3 2 4 1 
1137 -1 8 3 3 1 20 
1138 -1 8 3 3 1 49 
1139 -1 8 3 3 1 50 
1140 -1 8 3 3 1 51 
1141 -1 8 3 3 1 52 
1142 -1 8 3 3 1 53 
1143 -1 8 3 3 1 54 
1144 -1 8 3 3 1 55 
1145 -1 8 3 3 1 56 
1146 -1 8 3 3 1 57 
1147 -1 8 3 3 1 58 
1148 -1 8 3 3 1 59 
1149 -1 8 3 3 1 60 
1150 -1 8 3 3 1 61 
1151 -1 8 3 3 1 62 
1152 -1 8 3 3 1 63 
1153 -1 8 3 3 1 64 
1154 -1 8 3 3 1 72 
1155 -1 8 3 3 2 49 
1156 -1 8 3 3 2 50 
1157 -1 8 3 3 2 51 
1158 -1 8 3 3 2 52 
1159 -1 8 3 3 2 53 
1160 -1 8 3 3 2 54 
1161 -1 8 3 3 2 55 
1162 -1 8 3 3 2 56 
1163 -1 8 3 3 2 57 
1164 -1 8 3 3 2 58 
1165 -1 8 3 3 2 59 
1166 -1 8 3 3 2 60 
1167 -1 8 3 3 2 61 
1168 -1 8 3 3 2 62 
1169 -1 8 3 3 2 63 
1170 -1 8 3 3 2 64 
1171 -1 8 3 3 3 49 
1172 -1 8 3 3 3 50 
1173 -1 8 3 3 3 51 
1174 -1 8 3 3 3 52 
1175 -1 8 3 3 3 54 
1176 -1 8 3 3 3 55 
1177 -1 8 3 3 3 56 
1178 -1 8 3 3 3 57 
1179 -1 8 3 3 3 58 
1180 -1 8 3 3 3 59 
1181 -1 8 3 3 3 60 
1182 -1 8 3 3 3 61 
1183 -1 8 3 3 3 62 
1184 -1 8 3 3 3 63 
1185 -1 8 3 3 3 64 
1186 -1 8 3 3 4 1 
1187 -1 8 3 3 4 49 
1188 -1 8 3 3 4 50 
1189 -1 8 3 3 4 51 
1190 -1 8 3 3 4 52 
1191 -1 8 3 3 4 53 
1192 -1 8 3 3 4 54 
1193 -1 8 3 3 4 55 
1194 -1 8 3 3 4 56 
1195 -1 8 3 3 4 57 
1196 -1 8 3 3 4 58 
1197 -1 8 3 3 4 59 
1198 -1 8 3 3 4 60 
1199 -1 8 3 3 4 61 
1200 -1 8 3 3 4 62 
1201 -1 8 3 3 4 63 
1202 -1 8 3 3 4 64 
1203 -1 8 4 1 1 92 
1204 -1 8 4 1 2 5 
1205 -1 8 4 1 4 1 
1206 -1 8 4 3 1 92 
1207 -1 8 4 3 4 1 
1208 -1 9 1 1 4 1 
1209 -1 9 1 2 4 1 
1210 -1 9 1 3 4 1 
1211 -1 9 2 1 1 60 
1212 -1 9 2 1 4 1 
1213 -1 9 2 1 4 29 
1214 -1 9 2 2 3 52 
1215 -1 9 2 2 4 1 
1216 -1 9 2 3 1 60 
1217 -1 9 2 3 4 1 
1218 -1 9 2 3 4 14 
1219 -1 9 3 1 1 72 
1220 -1 9 3 1 2 68 
1221 -1 9 3 1 4 1 
1222 -1 9 3 2 4 1 
1223 -1 9 3 3 1 72 
1224 -1 9 3 3 4 1 
1225 -1 9 4 1 1 48 
1226 -1 9 4 1 4 1 
1227 -1 9 4 3 1 48 
1228 -1 9 4 3 4 1 
1229 -1 10 1 1 1 2 
1230 -1 10 1 1 2 5 
1231 -1 10 1 1 4 1 
1232 -1 10 1 2 4 1 
1233 -1 10 1 2 4 8 
1234 -1 10 1 3 4 1 
1235 -1 10 2 1 1 60 
1236 -1 10 2 1 4 1 
1237 -1 10 2 2 3 57 
1238 -1 10 2 2 4 1 
1239 -1 10 2 3 1 60 
1240 -1 10 2 3 4 1 
1241 -1 10 3 1 1 72 
1242 -1 10 3 1 4 1 
1243 -1 10 3 2 1 1 
1244 -1 10 3 2 1 2 
1245 -1 10 3 2 1 3 
1246 -1 10 3 2 1 4 
1247 -1 10 3 2 1 5 
1248 -1 10 3 2 1 6 
1249 -1 10 3 2 1 7 
1250 -1 10 3 2 1 8 
1251 -1 10 3 2 1 9 
1252 -1 10 3 2 1 10 
1253 -1 10 3 2 1 11 
1254 -1 10 3 2 1 12 
1255 -1 10 3 2 1 13 
1256 -1 10 3 2 1 14 
1257 -1 10 3 2 1 15 
1258 -1 10 3 2 1 16 
1259 -1 10 3 2 1 17 
1260 -1 10 3 2 1 18 
1261 -1 10 3 2 1 19 
1262 -1 10 3 2 1 20 
1263 -1 10 3 2 1 21 
1264 -1 10 3 2 1 22 
1265 -1 10 3 2 1 23 
1266 -1 10 3 2 1 24 
1267 -1 10 3 2 1 25 
1268 -1 10 3 2 1 26 
1269 -1 10 3 2 1 27 
1270 -1 10 3 2 1 28 
1271 -1 10 3 2 1 29 
1272 -1 10 3 2 1 30 
1273 -1 10 3 2 1 31 
1274 -1 10 3 2 1 32 
1275 -1 10 3 2 2 1 
1276 -1 10 3 2 2 2 
1277 -1 10 3 2 2 3 
1278 -1 10 3 2 2 4 
1279 -1 10 3 2 2 5 
1280 -1 10 3 2 2 6 
1281 -1 10 3 2 2 7 
1282 -1 10 3 2 2 8 
1283 -1 10 3 2 2 9 
1284 -1 10 3 2 2 10 
1285 -1 10 3 2 2 11 
1286 -1 10 3 2 2 12 
1287 -1 10 3 2 2 13 
1288 -1 10 3 2 2 14 
1289 -1 10 3 2 2 15 
1290 -1 10 3 2 2 16 
1291 -1 10 3 2 2 17 
1292 -1 10 3 2 2 18 
1293 -1 10 3 2 2 19 
1294 -1 10 3 2 2 20 
1295 -1 10 3 2 2 21 
1296 -1 10 3 2 2 22 
1297 -1 10 3 2 2 23 
1298 -1 10 3 2 2 24 
1299 -1 10 3 2 2 25 
1300 -1 10 3 2 2 26 
1301 -1 10 3 2 2 27 
1302 -1 10 3 2 2 28 
1303 -1 10 3 2 2 29 
1304 -1 10 3 2 2 30 
1305 -1 10 3 2 2 31 
1306 -1 10 3 2 2 32 
1307 -1 10 3 2 3 1 
1308 -1 10 3 2 3 2 
1309 -1 10 3 2 3 3 
1310 -1 10 3 2 3 4 
1311 -1 10 3 2 3 5 
1312 -1 10 3 2 3 6 
1313 -1 10 3 2 3 7 
1314 -1 10 3 2 3 8 
1315 -1 10 3 2 3 9 
1316 -1 10 3 2 3 10 
1317 -1 10 3 2 3 11 
1318 -1 10 3 2 3 12 
1319 -1 10 3 2 3 13 
1320 -1 10 3 2 3 14 
1321 -1 10 3 2 3 15 
1322 -1 10 3 2 3 16 
1323 -1 10 3 2 3 17 
1324 -1 10 3 2 3 18 
1325 -1 10 3 2 3 19 
1326 -1 10 3 2 3 20 
1327 -1 10 3 2 3 21 
1328 -1 10 3 2 3 22 
1329 -1 10 3 2 3 23 
1330 -1 10 3 2 3 24 
1331 -1 10 3 2 3 25 
1332 -1 10 3 2 3 26 
1333 -1 10 3 2 3 27 
1334 -1 10 3 2 3 28 
1335 -1 10 3 2 3 29 
1336 -1 10 3 2 3 30 
1337 -1 10 3 2 3 31 
1338 -1 10 3 2 3 32 
1339 -1 10 3 2 4 1 
1340 -1 10 3 2 4 2 
1341 -1 10 3 2 4 3 
1342 -1 10 3 2 4 4 
1343 -1 10 3 2 4 5 
1344 -1 10 3 2 4 6 
1345 -1 10 3 2 4 7 
1346 -1 10 3 2 4 8 
1347 -1 10 3 2 4 9 
1348 -1 10 3 2 4 10 
1349 -1 10 3 2 4 11 
1350 -1 10 3 2 4 12 
1351 -1 10 3 2 4 13 
1352 -1 10 3 2 4 14 
1353 -1 10 3 2 4 15 
1354 -1 10 3 2 4 16 
1355 -1 10 3 2 4 17 
1356 -1 10 3 2 4 18 
1357 -1 10 3 2 4 19 
1358 -1 10 3 2 4 20 
1359 -1 10 3 2 4 21 
1360 -1 10 3 2 4 22 
1361 -1 10 3 2 4 23 
1362 -1 10 3 2 4 24 
1363 -1 10 3 2 4 25 
1364 -1 10 3 2 4 26 
1365 -1 10 3 2 4 27 
1366 -1 10 3 2 4 28 
1367 -1 10 3 2 4 29 
1368 -1 10 3 2 4 30 
1369 -1 10 3 2 4 31 
1370 -1 10 3 2 4 32 
1371 -1 10 3 3 1 72 
1372 -1 10 3 3 4 1 
1373 -1 10 4 1 1 24 
1374 -1 10 4 1 1 60 
1375 -1 10 4 1 2 39 
1376 -1 10 4 1 3 24 
1377 -1 10 4 1 4 1 
1378 -1 10 4 3 1 60 
1379 -1 10 4 3 4 1 
1380 -1 11 1 1 1 17 
1381 -1 11 1 1 1 18 
1382 -1 11 1 1 1 19 
1383 -1 11 1 1 1 20 
1384 -1 11 1 1 1 21 
1385 -1 11 1 1 1 22 
1386 -1 11 1 1 1 23 
1387 -1 11 1 1 1 24 
1388 -1 11 1 1 1 25 
1389 -1 11 1 1 1 26 
1390 -1 11 1 1 1 27 
1391 -1 11 1 1 1 28 
1392 -1 11 1 1 1 29 
1393 -1 11 1 1 1 30 
1394 -1 11 1 1 1 31 
1395 -1 11 1 1 1 32 
1396 -1 11 1 1 2 17 
1397 -1 11 1 1 2 18 
1398 -1 11 1 1 2 19 
1399 -1 11 1 1 2 20 
1400 -1 11 1 1 2 21 
1401 -1 11 1 1 2 22 
1402 -1 11 1 1 2 23 
1403 -1 11 1 1 2 24 
1404 -1 11 1 1 2 25 
1405 -1 11 1 1 2 26 
1406 -1 11 1 1 2 27 
1407 -1 11 1 1 2 28 
1408 -1 11 1 1 2 29 
1409 -1 11 1 1 2 30 
1410 -1 11 1 1 2 31 
1411 -1 11 1 1 2 32 
1412 -1 11 1 1 3 17 
1413 -1 11 1 1 3 18 
1414 -1 11 1 1 3 19 
1415 -1 11 1 1 3 20 
1416 -1 11 1 1 3 21 
1417 -1 11 1 1 3 22 
1418 -1 11 1 1 3 23 
1419 -1 11 1 1 3 24 
1420 -1 11 1 1 3 25 
1421 -1 11 1 1 3 26 
1422 -1 11 1 1 3 27 
1423 -1 11 1 1 3 28 
1424 -1 11 1 1 3 29 
1425 -1 11 1 1 3 30 
1426 -1 11 1 1 3 31 
1427 -1 11 1 1 3 32 
1428 -1 11 1 1 4 1 
1429 -1 11 1 1 4 17 
1430 -1 11 1 1 4 18 
1431 -1 11 1 1 4 19 
1432 -1 11 1 1 4 20 
1433 -1 11 1 1 4 21 
1434 -1 11 1 1 4 22 
1435 -1 11 1 1 4 23 
1436 -1 11 1 1 4 24 
1437 -1 11 1 1 4 25 
1438 -1 11 1 1 4 26 
1439 -1 11 1 1 4 27 
1440 -1 11 1 1 4 28 
1441 -1 11 1 1 4 29 
1442 -1 11 1 1 4 30 
1443 -1 11 1 1 4 31 
1444 -1 11 1 1 4 32 
1445 -1 11 1 2 4 1 
1446 -1 11 1 2 4 50 
1447 -1 11 1 3 1 17 
1448 -1 11 1 3 1 18 
1449 -1 11 1 3 1 19 
1450 -1 11 1 3 1 20 
1451 -1 11 1 3 1 21 
1452 -1 11 1 3 1 22 
1453 -1 11 1 3 1 23 
1454 -1 11 1 3 1 24 
1455 -1 11 1 3 1 25 
1456 -1 11 1 3 1 26 
1457 -1 11 1 3 1 27 
1458 -1 11 1 3 1 28 
1459 -1 11 1 3 1 29 
1460 -1 11 1 3 1 30 
1461 -1 11 1 3 1 31 
1462 -1 11 1 3 1 32 
1463 -1 11 1 3 2 17 
1464 -1 11 1 3 2 18 
1465 -1 11 1 3 2 19 
1466 -1 11 1 3 2 20 
1467 -1 11 1 3 2 21 
1468 -1 11 1 3 2 22 
1469 -1 11 1 3 2 23 
1470 -1 11 1 3 2 24 
1471 -1 11 1 3 2 25 
1472 -1 11 1 3 2 26 
1473 -1 11 1 3 2 27 
1474 -1 11 1 3 2 28 
1475 -1 11 1 3 2 29 
1476 -1 11 1 3 2 30 
1477 -1 11 1 3 2 31 
1478 -1 11 1 3 2 32 
1479 -1 11 1 3 3 17 
1480 -1 11 1 3 3 18 
1481 -1 11 1 3 3 19 
1482 -1 11 1 3 3 20 
1483 -1 11 1 3 3 21 
1484 -1 11 1 3 3 22 
1485 -1 11 1 3 3 23 
1486 -1 11 1 3 3 24 
1487 -1 11 1 3 3 25 
1488 -1 11 1 3 3 26 
1489 -1 11 1 3 3 27 
1490 -1 11 1 3 3 28 
1491 -1 11 1 3 3 29 
1492 -1 11 1 3 3 30 
1493 -1 11 1 3 3 31 
1494 -1 11 1 3 3 32 
1495 -1 11 1 3 4 1 
1496 -1 11 1 3 4 17 
1497 -1 11 1 3 4 18 
1498 -1 11 1 3 4 19 
1499 -1 11 1 3 4 20 
1500 -1 11 1 3 4 21 
1501 -1 11 1 3 4 22 
1502 -1 11 1 3 4 23 
1503 -1 11 1 3 4 24 
1504 -1 11 1 3 4 25 
1505 -1 11 1 3 4 26 
1506 -1 11 1 3 4 27 
1507 -1 11 1 3 4 28 
1508 -1 11 1 3 4 29 
1509 -1 11 1 3 4 30 
1510 -1 11 1 3 4 31 
1511 -1 11 1 3 4 32 
1512 -1 11 2 1 1 60 
1513 -1 11 2 1 4 1 
1514 -1 11 2 2 4 1 
1515 -1 11 2 3 1 60 
1516 -1 11 2 3 2 13 
1517 -1 11 2 3 2 43 
1518 -1 11 2 3 3 19 
1519 -1 11 2 3 4 1 
1520 -1 11 2 3 4 12 
1521 -1 11 3 1 1 72 
1522 -1 11 3 1 4 1 
1523 -1 11 3 2 4 1 
1524 -1 11 3 3 1 72 
1525 -1 11 3 3 4 1 
1526 -1 11 4 1 1 48 
1527 -1 11 4 1 4 1 
1528 -1 11 4 3 1 48 
1529 -1 11 4 3 4 1 
1530 -1 12 1 1 4 1 
1531 -1 12 1 2 4 1 
1532 -1 12 1 3 4 1 
1533 -1 12 2 1 1 3 
1534 -1 12 2 1 1 60 
1535 -1 12 2 1 2 3 
1536 -1 12 2 1 3 54 
1537 -1 12 2 1 4 1 
1538 -1 12 2 2 1 18 
1539 -1 12 2 2 4 1 
1540 -1 12 2 3 1 60 
1541 -1 12 2 3 4 1 
1542 -1 12 3 1 1 72 
1543 -1 12 3 1 2 34 
1544 -1 12 3 1 2 36 
1545 -1 12 3 1 4 1 
1546 -1 12 3 1 4 36 
1547 -1 12 3 2 4 1 
1548 -1 12 3 3 1 34 
1549 -1 12 3 3 1 72 
1550 -1 12 3 3 2 34 
1551 -1 12 3 3 2 36 
1552 -1 12 3 3 2 47 
1553 -1 12 3 3 3 36 
1554 -1 12 3 3 3 46 
1555 -1 12 3 3 4 1 
1556 -1 12 3 3 4 36 
1557 -1 12 3 3 4 47 
1558 -1 12 4 1 1 49 
1559 -1 12 4 1 1 50 
1560 -1 12 4 1 1 51 
1561 -1 12 4 1 1 52 
1562 -1 12 4 1 1 53 
1563 -1 12 4 1 1 54 
1564 -1 12 4 1 1 55 
1565 -1 12 4 1 1 56 
1566 -1 12 4 1 1 57 
1567 -1 12 4 1 1 58 
1568 -1 12 4 1 1 59 
1569 -1 12 4 1 1 60 
1570 -1 12 4 1 1 61 
1571 -1 12 4 1 1 62 
1572 -1 12 4 1 1 63 
1573 -1 12 4 1 1 64 
1574 -1 12 4 1 1 92 
1575 -1 12 4 1 2 49 
1576 -1 12 4 1 2 50 
1577 -1 12 4 1 2 51 
1578 -1 12 4 1 2 52 
1579 -1 12 4 1 2 53 
1580 -1 12 4 1 2 54 
1581 -1 12 4 1 2 55 
1582 -1 12 4 1 2 56 
1583 -1 12 4 1 2 57 
1584 -1 12 4 1 2 58 
1585 -1 12 4 1 2 59 
1586 -1 12 4 1 2 60 
1587 -1 12 4 1 2 61 
1588 -1 12 4 1 2 62 
1589 -1 12 4 1 2 63 
1590 -1 12 4 1 2 64 
1591 -1 12 4 1 3 49 
1592 -1 12 4 1 3 50 
1593 -1 12 4 1 3 51 
1594 -1 12 4 1 3 52 
1595 -1 12 4 1 3 53 
1596 -1 12 4 1 3 54 
1597 -1 12 4 1 3 55 
1598 -1 12 4 1 3 56 
1599 -1 12 4 1 3 57 
1600 -1 12 4 1 3 58 
1601 -1 12 4 1 3 59 
1602 -1 12 4 1 3 60 
1603 -1 12 4 1 3 61 
1604 -1 12 4 1 3 62 
1605 -1 12 4 1 3 63 
1606 -1 12 4 1 3 64 
1607 -1 12 4 1 4 1 
1608 -1 12 4 1 4 49 
1609 -1 12 4 1 4 50 
1610 -1 12 4 1 4 51 
1611 -1 12 4 1 4 52 
1612 -1 12 4 1 4 53 
1613 -1 12 4 1 4 54 
1614 -1 12 4 1 4 55 
1615 -1 12 4 1 4 56 
1616 -1 12 4 1 4 57 
1617 -1 12 4 1 4 58 
1618 -1 12 4 1 4 59 
1619 -1 12 4 1 4 60 
1620 -1 12 4 1 4 61 
1621 -1 12 4 1 4 62 
1622 -1 12 4 1 4 63 
1623 -1 12 4 1 4 64 
1624 -1 12 4 3 1 49 
1625 -1 12 4 3 1 50 
1626 -1 12 4 3 1 51 
1627 -1 12 4 3 1 52 
1628 -1 12 4 3 1 53 
1629 -1 12 4 3 1 54 
1630 -1 12 4 3 1 55 
1631 -1 12 4 3 1 56 
1632 -1 12 4 3 1 57 
1633 -1 12 4 3 1 58 
1634 -1 12 4 3 1 59 
1635 -1 12 4 3 1 60 
1636 -1 12 4 3 1 61 
1637 -1 12 4 3 1 62 
1638 -1 12 4 3 1 63 
1639 -1 12 4 3 1 64 
1640 -1 12 4 3 1 92 
1641 -1 12 4 3 2 49 
1642 -1 12 4 3 2 50 
1643 -1 12 4 3 2 51 
1644 -1 12 4 3 2 52 
1645 -1 12 4 3 2 53 
1646 -1 12 4 3 2 54 
1647 -1 12 4 3 2 55 
1648 -1 12 4 3 2 56 
1649 -1 12 4 3 2 57 
1650 -1 12 4 3 2 58 
1651 -1 12 4 3 2 59 
1652 -1 12 4 3 2 60 
1653 -1 12 4 3 2 61 
1654 -1 12 4 3 2 62 
1655 -1 12 4 3 2 63 
1656 -1 12 4 3 2 64 
1657 -1 12 4 3 3 49 
1658 -1 12 4 3 3 50 
1659 -1 12 4 3 3 51 
1660 -1 12 4 3 3 52 
1661 -1 12 4 3 3 53 
1662 -1 12 4 3 3 54 
1663 -1 12 4 3 3 55 
1664 -1 12 4 3 3 56 
1665 -1 12 4 3 3 57 
1666 -1 12 4 3 3 58 
1667 -1 12 4 3 3 59 
1668 -1 12 4 3 3 60 
1669 -1 12 4 3 3 61 
1670 -1 12 4 3 3 62 
1671 -1 12 4 3 3 63 
1672 -1 12 4 3 3 64 
1673 -1 12 4 3 4 1 
1674 -1 12 4 3 4 49 
1675 -1 12 4 3 4 50 
1676 -1 12 4 3 4 51 
1677 -1 12 4 3 4 52 
1678 -1 12 4 3 4 53 
1679 -1 12 4 3 4 54 
1680 -1 12 4 3 4 55 
1681 -1 12 4 3 4 56 
1682 -1 12 4 3 4 57 
1683 -1 12 4 3 4 58 
1684 -1 12 4 3 4 59 
1685 -1 12 4 3 4 60 
1686 -1 12 4 3 4 61 
1687 -1 12 4 3 4 62 
1688 -1 12 4 3 4 63 
1689 -1 12 4 3 4 64 
1690 -1 13 4 1 1 72 
1691 -1 13 4 1 4 1 
1692 -1 13 4 3 1 72 
1693 -1 13 4 3 4 1 
1694 -1 14 4 1 1 60 
1695 -1 14 4 1 2 2 
1696 -1 14 4 1 4 1 
1697 -1 14 4 3 1 60 
1698 -1 14 4 3 4 1 
1699 0 1 1 1 4 1 
1700 0 1 1 2 1 35 
1701 0 1 1 2 1 44 
1702 0 1 1 2 1 45 
1703 0 1 1 2 1 46 
1704 0 1 1 2 1 49 
1705 0 1 1 2 1 50 
1706 0 1 1 2 1 53 
1707 0 1 1 2 2 45 
1708 0 1 1 2 2 49 
1709 0 1 1 2 2 53 
1710 0 1 1 2 2 54 
1711 0 1 1 2 3 35 
1712 0 1 1 2 3 44 
1713 0 1 1 2 3 45 
1714 0 1 1 2 3 48 
1715 0 1 1 2 3 49 
1716 0 1 1 2 3 50 
1717 0 1 1 2 4 1 
1718 0 1 1 2 4 34 
1719 0 1 1 2 4 36 
1720 0 1 1 2 4 45 
1721 0 1 1 2 4 49 
1722 0 1 1 2 4 50 
1723 0 1 1 2 4 52 
1724 0 1 1 2 4 53 
1725 0 1 1 3 4 1 
1726 0 1 2 1 1 60 
1727 0 1 2 1 2 35 
1728 0 1 2 1 4 1 
1729 0 1 2 2 3 10 
1730 0 1 2 2 3 33 
1731 0 1 2 2 4 1 
1732 0 1 2 3 1 60 
1733 0 1 2 3 4 1 
1734 0 1 2 3 4 57 
1735 0 1 2 3 4 58 
1736 0 1 2 3 4 59 
1737 0 1 2 3 4 60 
1738 0 1 3 1 1 72 
1739 0 1 3 1 4 1 
1740 0 1 3 2 4 1 
1741 0 1 3 3 1 72 
1742 0 1 3 3 2 17 
1743 0 1 3 3 4 1 
1744 0 1 4 1 4 1 
1745 0 1 4 3 4 1 
1746 0 2 1 1 4 1 
1747 0 2 1 2 2 48 
1748 0 2 1 2 4 1 
1749 0 2 1 3 3 34 
1750 0 2 1 3 4 1 
1751 0 2 2 1 1 12 
1752 0 2 2 1 1 60 
1753 0 2 2 1 4 1 
1754 0 2 2 2 4 1 
1755 0 2 2 3 1 13 
1756 0 2 2 3 1 60 
1757 0 2 2 3 4 1 
1758 0 2 2 3 4 32 
1759 0 2 3 1 1 72 
1760 0 2 3 1 4 1 
1761 0 2 3 2 4 1 
1762 0 2 3 3 1 72 
1763 0 2 3 3 4 1 
1764 0 2 4 1 4 1 
1765 0 2 4 3 4 1 
1766 0 3 1 1 1 22 
1767 0 3 1 1 4 1 
1768 0 3 1 2 4 1 
1769 0 3 1 3 2 22 
1770 0 3 1 3 4 1 
1771 0 3 2 1 1 35 
1772 0 3 2 1 1 60 
1773 0 3 2 1 4 1 
1774 0 3 2 2 4 1 
1775 0 3 2 3 1 60 
1776 0 3 2 3 4 1 
1777 0 3 3 1 1 72 
1778 0 3 3 1 4 1 
1779 0 3 3 2 4 1 
1780 0 3 3 3 1 72 
1781 0 3 3 3 2 2 
1782 0 3 3 3 4 1 
1783 0 3 4 1 4 1 
1784 0 3 4 3 3 47 
1785 0 3 4 3 4 1 
1786 0 4 1 1 4 1 
1787 0 4 1 1 4 10 
1788 0 4 1 2 4 1 
1789 0 4 1 2 4 27 
1790 0 4 1 2 4 36 
1791 0 4 1 3 4 1 
1792 0 4 2 1 1 60 
1793 0 4 2 1 3 50 
1794 0 4 2 1 4 1 
1795 0 4 2 1 4 33 
1796 0 4 2 2 4 1 
1797 0 4 2 3 1 60 
1798 0 4 2 3 2 54 
1799 0 4 2 3 4 1 
1800 0 4 3 1 1 72 
1801 0 4 3 1 4 1 
1802 0 4 3 2 4 1 
1803 0 4 3 3 1 72 
1804 0 4 3 3 3 71 
1805 0 4 3 3 4 1 
1806 0 4 4 1 1 10 
1807 0 4 4 1 1 17 
1808 0 4 4 1 1 72 
1809 0 4 4 1 4 1 
1810 0 4 4 1 4 23 
1811 0 4 4 3 1 72 
1812 0 4 4 3 4 1 
1813 0 5 1 1 4 1 
1814 0 5 1 2 4 1 
1815 0 5 1 3 4 1 
1816 0 5 2 1 1 56 
1817 0 5 2 1 1 60 
1818 0 5 2 1 4 1 
1819 0 5 2 2 2 39 
1820 0 5 2 2 4 1 
1821 0 5 2 3 1 50 
1822 0 5 2 3 1 53 
1823 0 5 2 3 1 60 
1824 0 5 2 3 4 1 
1825 0 5 3 1 1 72 
1826 0 5 3 1 4 1 
1827 0 5 3 2 4 1 
1828 0 5 3 3 1 72 
1829 0 5 3 3 4 1 
1830 0 5 4 1 4 1 
1831 0 5 4 3 4 1 
1832 0 5 4 3 4 75 
1833 0 6 1 1 1 14 
1834 0 6 1 1 4 1 
1835 0 6 1 2 4 1 
1836 0 6 1 3 4 1 
1837 0 6 2 1 1 1 
1838 0 6 2 1 1 60 
1839 0 6 2 1 4 1 
1840 0 6 2 2 1 56 
1841 0 6 2 2 4 1 
1842 0 6 2 3 1 60 
1843 0 6 2 3 4 1 
1844 0 6 3 1 1 72 
1845 0 6 3 1 4 1 
1846 0 6 3 2 4 1 
1847 0 6 3 3 1 72 
1848 0 6 3 3 2 25 
1849 0 6 3 3 4 1 
1850 0 6 4 1 4 1 
1851 0 6 4 3 3 45 
1852 0 6 4 3 4 1 
1853 0 7 1 1 4 1 
1854 0 7 1 2 2 3 
1855 0 7 1 2 3 54 
1856 0 7 1 2 4 1 
1857 0 7 1 3 3 28 
1858 0 7 1 3 4 1 
1859 0 7 2 1 1 5 
1860 0 7 2 1 1 60 
1861 0 7 2 1 4 1 
1862 0 7 2 1 4 24 
1863 0 7 2 2 3 47 
1864 0 7 2 2 4 1 
1865 0 7 2 3 1 60 
1866 0 7 2 3 4 1 
1867 0 7 3 1 1 72 
1868 0 7 3 1 4 1 
1869 0 7 3 2 4 1 
1870 0 7 3 3 1 72 
1871 0 7 3 3 4 1 
1872 0 7 4 1 4 1 
1873 0 7 4 3 4 1 
1874 0 8 1 1 4 1 
1875 0 8 1 1 4 28 
1876 0 8 1 2 4 1 
1877 0 8 1 3 1 49 
1878 0 8 1 3 4 1 
1879 0 8 2 1 1 60 
1880 0 8 2 1 4 1 
1881 0 8 2 2 1 31 
1882 0 8 2 2 2 21 
1883 0 8 2 2 4 1 
1884 0 8 2 3 1 60 
1885 0 8 2 3 4 1 
1886 0 8 3 1 1 72 
1887 0 8 3 1 4 1 
1888 0 8 3 2 3 30 
1889 0 8 3 2 4 1 
1890 0 8 3 3 1 72 
1891 0 8 3 3 4 1 
1892 0 8 4 1 1 92 
1893 0 8 4 1 4 1 
1894 0 8 4 3 1 92 
1895 0 8 4 3 4 1 
1896 0 8 4 3 4 37 
1897 0 9 1 1 4 1 
1898 0 9 1 2 4 1 
1899 0 9 1 3 4 1 
1900 0 9 2 1 1 60 
1901 0 9 2 1 4 1 
1902 0 9 2 2 1 19 
1903 0 9 2 2 3 5 
1904 0 9 2 2 3 56 
1905 0 9 2 2 4 1 
1906 0 9 2 3 1 24 
1907 0 9 2 3 1 60 
1908 0 9 2 3 2 33 
1909 0 9 2 3 4 1 
1910 0 9 3 1 1 72 
1911 0 9 3 1 4 1 
1912 0 9 3 2 4 1 
1913 0 9 3 3 1 2 
1914 0 9 3 3 1 4 
1915 0 9 3 3 1 72 
1916 0 9 3 3 4 1 
1917 0 9 4 1 1 48 
1918 0 9 4 1 3 31 
1919 0 9 4 1 4 1 
1920 0 9 4 1 4 34 
1921 0 9 4 3 1 46 
1922 0 9 4 3 1 48 
1923 0 9 4 3 4 1 
1924 0 10 1 1 4 1 
1925 0 10 1 2 2 13 
1926 0 10 1 2 4 1 
1927 0 10 1 3 4 1 
1928 0 10 2 1 1 60 
1929 0 10 2 1 2 22 
1930 0 10 2 1 4 1 
1931 0 10 2 2 4 1 
1932 0 10 2 3 1 60 
1933 0 10 2 3 4 1 
1934 0 10 3 1 1 72 
1935 0 10 3 1 4 1 
1936 0 10 3 2 4 1 
1937 0 10 3 3 1 72 
1938 0 10 3 3 4 1 
1939 0 10 4 1 1 60 
1940 0 10 4 1 4 1 
1941 0 10 4 3 1 60 
1942 0 10 4 3 3 35 
1943 0 10 4 3 4 1 
1944 0 11 1 1 2 9 
1945 0 11 1 1 4 1 
1946 0 11 1 2 4 1 
1947 0 11 1 3 3 3 
1948 0 11 1 3 4 1 
1949 0 11 2 1 1 60 
1950 0 11 2 1 4 1 
1951 0 11 2 2 2 40 
1952 0 11 2 2 4 1 
1953 0 11 2 3 1 60 
1954 0 11 2 3 4 1 
1955 0 11 3 1 1 70 
1956 0 11 3 1 1 71 
1957 0 11 3 1 1 72 
1958 0 11 3 1 4 1 
1959 0 11 3 2 4 1 
1960 0 11 3 3 1 72 
1961 0 11 3 3 4 1 
1962 0 11 4 1 1 48 
1963 0 11 4 1 4 1 
1964 0 11 4 3 1 48 
1965 0 11 4 3 4 1 
1966 0 12 1 1 4 1 
1967 0 12 1 2 1 54 
1968 0 12 1 2 1 57 
1969 0 12 1 2 2 45 
1970 0 12 1 2 4 1 
1971 0 12 1 3 4 1 
1972 0 12 2 1 1 3 
1973 0 12 2 1 1 26 
1974 0 12 2 1 1 33 
1975 0 12 2 1 1 34 
1976 0 12 2 1 1 35 
1977 0 12 2 1 1 36 
1978 0 12 2 1 1 37 
1979 0 12 2 1 1 38 
1980 0 12 2 1 1 39 
1981 0 12 2 1 1 40 
1982 0 12 2 1 1 41 
1983 0 12 2 1 1 42 
1984 0 12 2 1 1 43 
1985 0 12 2 1 1 44 
1986 0 12 2 1 1 45 
1987 0 12 2 1 1 46 
1988 0 12 2 1 1 47 
1989 0 12 2 1 1 48 
1990 0 12 2 1 1 60 
1991 0 12 2 1 4 1 
1992 0 12 2 2 4 1 
1993 0 12 2 3 1 60 
1994 0 12 2 3 3 35 
1995 0 12 2 3 4 1 
1996 0 12 2 3 4 29 
1997 0 12 2 3 4 57 
1998 0 12 3 1 1 72 
1999 0 12 3 1 4 1 
2000 0 12 3 2 4 1 
2001 0 12 3 3 1 1 
2002 0 12 3 3 1 72 
2003 0 12 3 3 4 1 
2004 0 12 4 1 1 92 
2005 0 12 4 1 4 1 
2006 0 12 4 3 1 92 
2007 0 12 4 3 4 1 
2008 0 13 4 1 1 72 
2009 0 13 4 1 4 1 
2010 0 13 4 1 4 48 
2011 0 13 4 3 1 72 
2012 0 13 4 3 4 1 
2013 0 14 4 1 1 41 
2014 0 14 4 1 1 60 
2015 0 14 4 1 4 1 
2016 0 14 4 1 4 58 
2017 0 14 4 3 1 31 
2018 0 14 4 3 1 60 
2019 0 14 4 3 2 14 
2020 0 14 4 3 4 1 
2021 0 14 4 3 4 14 
2022 0 14 4 3 4 53 
2023 0 14 4 3 4 54 
2024 1 1 1 1 4 1 
2025 1 1 1 2 4 1 
2026 1 1 1 3 4 1 
2027 1 1 2 1 1 60 
2028 1 1 2 1 4 1 
2029 1 1 2 1 4 54 
2030 1 1 2 2 2 6 
2031 1 1 2 2 4 1 
2032 1 1 2 3 1 60 
2033 1 1 2 3 4 1 
2034 1 1 3 1 1 72 
2035 1 1 3 1 4 1 
2036 1 1 3 2 3 51 
2037 1 1 3 2 4 1 
2038 1 1 3 3 1 72 
2039 1 1 3 3 4 1 
2040 1 1 4 1 4 1 
2041 1 1 4 3 4 1 
2042 1 2 1 1 2 22 
2043 1 2 1 1 4 1 
2044 1 2 1 2 4 1 
2045 1 2 1 3 4 1 
2046 1 2 2 1 1 60 
2047 1 2 2 1 4 1 
2048 1 2 2 2 4 1 
2049 1 2 2 3 1 19 
2050 1 2 2 3 1 60 
2051 1 2 2 3 4 1 
2052 1 2 3 1 1 23 
2053 1 2 3 1 1 72 
2054 1 2 3 1 4 1 
2055 1 2 3 2 4 1 
2056 1 2 3 3 1 72 
2057 1 2 3 3 4 1 
2058 1 2 4 1 1 8 
2059 1 2 4 1 1 76 
2060 1 2 4 1 4 1 
2061 1 2 4 1 4 4 
2062 1 2 4 1 4 23 
2063 1 2 4 3 4 1 
2064 1 3 1 1 4 1 
2065 1 3 1 2 4 1 
2066 1 3 1 3 4 1 
2067 1 3 2 1 1 34 
2068 1 3 2 1 1 60 
2069 1 3 2 1 4 1 
2070 1 3 2 1 4 2 
2071 1 3 2 2 4 1 
2072 1 3 2 3 1 60 
2073 1 3 2 3 4 1 
2074 1 3 3 1 1 72 
2075 1 3 3 1 4 1 
2076 1 3 3 2 4 1 
2077 1 3 3 3 1 72 
2078 1 3 3 3 4 1 
2079 1 3 4 1 4 1 
2080 1 3 4 3 4 1 
2081 1 4 1 1 4 1 
2082 1 4 1 2 1 33 
2083 1 4 1 2 1 34 
2084 1 4 1 2 1 35 
2085 1 4 1 2 1 36 
2086 1 4 1 2 1 37 
2087 1 4 1 2 1 38 
2088 1 4 1 2 1 39 
2089 1 4 1 2 1 40 
2090 1 4 1 2 1 41 
2091 1 4 1 2 1 42 
2092 1 4 1 2 1 43 
2093 1 4 1 2 1 44 
2094 1 4 1 2 1 45 
2095 1 4 1 2 1 46 
2096 1 4 1 2 1 47 
2097 1 4 1 2 1 48 
2098 1 4 1 2 2 33 
2099 1 4 1 2 2 34 
2100 1 4 1 2 2 35 
2101 1 4 1 2 2 36 
2102 1 4 1 2 2 37 
2103 1 4 1 2 2 38 
2104 1 4 1 2 2 39 
2105 1 4 1 2 2 40 
2106 1 4 1 2 2 41 
2107 1 4 1 2 2 42 
2108 1 4 1 2 2 43 
2109 1 4 1 2 2 44 
2110 1 4 1 2 2 45 
2111 1 4 1 2 2 46 
2112 1 4 1 2 2 47 
2113 1 4 1 2 2 48 
2114 1 4 1 2 3 33 
2115 1 4 1 2 3 34 
2116 1 4 1 2 3 35 
2117 1 4 1 2 3 36 
2118 1 4 1 2 3 37 
2119 1 4 1 2 3 38 
2120 1 4 1 2 3 39 
2121 1 4 1 2 3 40 
2122 1 4 1 2 3 41 
2123 1 4 1 2 3 42 
2124 1 4 1 2 3 43 
2125 1 4 1 2 3 44 
2126 1 4 1 2 3 45 
2127 1 4 1 2 3 46 
2128 1 4 1 2 3 47 
2129 1 4 1 2 3 48 
2130 1 4 1 2 4 1 
2131 1 4 1 2 4 33 
2132 1 4 1 2 4 34 
2133 1 4 1 2 4 35 
2134 1 4 1 2 4 36 
2135 1 4 1 2 4 37 
2136 1 4 1 2 4 38 
2137 1 4 1 2 4 39 
2138 1 4 1 2 4 40 
2139 1 4 1 2 4 41 
2140 1 4 1 2 4 42 
2141 1 4 1 2 4 43 
2142 1 4 1 2 4 44 
2143 1 4 1 2 4 45 
2144 1 4 1 2 4 46 
2145 1 4 1 2 4 47 
2146 1 4 1 2 4 48 
2147 1 4 1 3 4 1 
2148 1 4 2 1 1 60 
2149 1 4 2 1 4 1 
2150 1 4 2 2 1 48 
2151 1 4 2 2 4 1 
2152 1 4 2 3 1 60 
2153 1 4 2 3 4 1 
2154 1 4 3 1 1 20 
2155 1 4 3 1 1 32 
2156 1 4 3 1 1 72 
2157 1 4 3 1 4 1 
2158 1 4 3 2 1 48 
2159 1 4 3 2 4 1 
2160 1 4 3 3 1 25 
2161 1 4 3 3 1 72 
2162 1 4 3 3 4 1 
2163 1 4 3 3 4 72 
2164 1 4 4 1 1 72 
2165 1 4 4 1 4 1 
2166 1 4 4 3 1 72 
2167 1 4 4 3 4 1 
2168 1 5 1 1 3 13 
2169 1 5 1 1 4 1 
2170 1 5 1 2 4 1 
2171 1 5 1 3 4 1 
2172 1 5 2 1 1 49 
2173 1 5 2 1 1 50 
2174 1 5 2 1 1 51 
2175 1 5 2 1 1 52 
2176 1 5 2 1 1 53 
2177 1 5 2 1 1 54 
2178 1 5 2 1 1 55 
2179 1 5 2 1 1 56 
2180 1 5 2 1 1 57 
2181 1 5 2 1 1 58 
2182 1 5 2 1 1 59 
2183 1 5 2 1 1 60 
2184 1 5 2 1 2 49 
2185 1 5 2 1 2 50 
2186 1 5 2 1 2 51 
2187 1 5 2 1 2 52 
2188 1 5 2 1 2 53 
2189 1 5 2 1 2 54 
2190 1 5 2 1 2 55 
2191 1 5 2 1 2 56 
2192 1 5 2 1 2 57 
2193 1 5 2 1 2 58 
2194 1 5 2 1 2 59 
2195 1 5 2 1 2 60 
2196 1 5 2 1 3 49 
2197 1 5 2 1 3 50 
2198 1 5 2 1 3 51 
2199 1 5 2 1 3 52 
2200 1 5 2 1 3 53 
2201 1 5 2 1 3 54 
2202 1 5 2 1 3 55 
2203 1 5 2 1 3 56 
2204 1 5 2 1 3 57 
2205 1 5 2 1 3 58 
2206 1 5 2 1 3 59 
2207 1 5 2 1 3 60 
2208 1 5 2 1 4 1 
2209 1 5 2 1 4 49 
2210 1 5 2 1 4 50 
2211 1 5 2 1 4 51 
2212 1 5 2 1 4 52 
2213 1 5 2 1 4 53 
2214 1 5 2 1 4 54 
2215 1 5 2 1 4 55 
2216 1 5 2 1 4 56 
2217 1 5 2 1 4 57 
2218 1 5 2 1 4 58 
2219 1 5 2 1 4 59 
2220 1 5 2 1 4 60 
2221 1 5 2 2 2 55 
2222 1 5 2 2 2 56 
2223 1 5 2 2 2 57 
2224 1 5 2 2 4 1 
2225 1 5 2 3 1 49 
2226 1 5 2 3 1 50 
2227 1 5 2 3 1 51 
2228 1 5 2 3 1 52 
2229 1 5 2 3 1 53 
2230 1 5 2 3 1 54 
2231 1 5 2 3 1 55 
2232 1 5 2 3 1 56 
2233 1 5 2 3 1 57 
2234 1 5 2 3 1 58 
2235 1 5 2 3 1 59 
2236 1 5 2 3 1 60 
2237 1 5 2 3 2 4 
2238 1 5 2 3 2 49 
2239 1 5 2 3 2 50 
2240 1 5 2 3 2 51 
2241 1 5 2 3 2 52 
2242 1 5 2 3 2 53 
2243 1 5 2 3 2 54 
2244 1 5 2 3 2 55 
2245 1 5 2 3 2 56 
2246 1 5 2 3 2 57 
2247 1 5 2 3 2 58 
2248 1 5 2 3 2 59 
2249 1 5 2 3 2 60 
2250 1 5 2 3 3 49 
2251 1 5 2 3 3 50 
2252 1 5 2 3 3 51 
2253 1 5 2 3 3 52 
2254 1 5 2 3 3 53 
2255 1 5 2 3 3 54 
2256 1 5 2 3 3 55 
2257 1 5 2 3 3 56 
2258 1 5 2 3 3 57 
2259 1 5 2 3 3 58 
2260 1 5 2 3 3 59 
2261 1 5 2 3 3 60 
2262 1 5 2 3 4 1 
2263 1 5 2 3 4 49 
2264 1 5 2 3 4 50 
2265 1 5 2 3 4 51 
2266 1 5 2 3 4 52 
2267 1 5 2 3 4 53 
2268 1 5 2 3 4 54 
2269 1 5 2 3 4 55 
2270 1 5 2 3 4 56 
2271 1 5 2 3 4 57 
2272 1 5 2 3 4 58 
2273 1 5 2 3 4 59 
2274 1 5 2 3 4 60 
2275 1 5 3 1 1 72 
2276 1 5 3 1 4 1 
2277 1 5 3 1 4 68 
2278 1 5 3 2 4 1 
2279 1 5 3 3 1 72 
2280 1 5 3 3 4 1 
2281 1 5 4 1 4 1 
2282 1 5 4 3 4 1 
2283 1 5 4 3 4 3 
2284 1 6 1 1 1 3 
2285 1 6 1 1 4 1 
2286 1 6 1 2 4 1 
2287 1 6 1 3 4 1 
2288 1 6 2 1 1 60 
2289 1 6 2 1 4 1 
2290 1 6 2 1 4 50 
2291 1 6 2 2 2 30 
2292 1 6 2 2 4 1 
2293 1 6 2 3 1 60 
2294 1 6 2 3 4 1 
2295 1 6 3 1 1 1 
2296 1 6 3 1 1 72 
2297 1 6 3 1 4 1 
2298 1 6 3 2 4 1 
2299 1 6 3 3 1 72 
2300 1 6 3 3 4 1 
2301 1 6 4 1 4 1 
2302 1 6 4 3 1 9 
2303 1 6 4 3 1 10 
2304 1 6 4 3 1 11 
2305 1 6 4 3 1 12 
2306 1 6 4 3 2 9 
2307 1 6 4 3 2 10 
2308 1 6 4 3 2 11 
2309 1 6 4 3 2 12 
2310 1 6 4 3 3 9 
2311 1 6 4 3 3 10 
2312 1 6 4 3 3 11 
2313 1 6 4 3 3 12 
2314 1 6 4 3 4 1 
2315 1 6 4 3 4 9 
2316 1 6 4 3 4 10 
2317 1 6 4 3 4 12 
2318 1 7 1 1 4 1 
2319 1 7 1 2 4 1 
2320 1 7 1 3 1 1 
2321 1 7 1 3 1 2 
2322 1 7 1 3 1 3 
2323 1 7 1 3 1 4 
2324 1 7 1 3 2 1 
2325 1 7 1 3 2 2 
2326 1 7 1 3 2 3 
2327 1 7 1 3 2 4 
2328 1 7 1 3 3 1 
2329 1 7 1 3 3 2 
2330 1 7 1 3 3 3 
2331 1 7 1 3 3 4 
2332 1 7 1 3 4 1 
2333 1 7 1 3 4 2 
2334 1 7 1 3 4 3 
2335 1 7 1 3 4 4 
2336 1 7 2 1 1 60 
2337 1 7 2 1 2 3 
2338 1 7 2 1 4 1 
2339 1 7 2 1 4 3 
2340 1 7 2 2 1 5 
2341 1 7 2 2 1 6 
2342 1 7 2 2 1 7 
2343 1 7 2 2 1 8 
2344 1 7 2 2 2 5 
2345 1 7 2 2 2 6 
2346 1 7 2 2 2 7 
2347 1 7 2 2 2 8 
2348 1 7 2 2 3 5 
2349 1 7 2 2 3 6 
2350 1 7 2 2 3 7 
2351 1 7 2 2 3 8 
2352 1 7 2 2 4 1 
2353 1 7 2 2 4 5 
2354 1 7 2 2 4 6 
2355 1 7 2 2 4 7 
2356 1 7 2 2 4 8 
2357 1 7 2 3 1 60 
2358 1 7 2 3 4 1 
2359 1 7 3 1 1 72 
2360 1 7 3 1 4 1 
2361 1 7 3 2 1 1 
2362 1 7 3 2 1 2 
2363 1 7 3 2 1 3 
2364 1 7 3 2 1 4 
2365 1 7 3 2 1 6 
2366 1 7 3 2 1 7 
2367 1 7 3 2 1 8 
2368 1 7 3 2 1 45 
2369 1 7 3 2 4 1 
2370 1 7 3 3 1 72 
2371 1 7 3 3 2 19 
2372 1 7 3 3 2 20 
2373 1 7 3 3 2 26 
2374 1 7 3 3 4 1 
2375 1 7 4 1 4 1 
2376 1 7 4 3 4 1 
2377 1 8 1 1 4 1 
2378 1 8 1 2 3 54 
2379 1 8 1 2 4 1 
2380 1 8 1 3 4 1 
2381 1 8 2 1 1 60 
2382 1 8 2 1 4 1 
2383 1 8 2 2 4 1 
2384 1 8 2 3 1 60 
2385 1 8 2 3 4 1 
2386 1 8 2 3 4 15 
2387 1 8 2 3 4 55 
2388 1 8 3 1 1 72 
2389 1 8 3 1 4 1 
2390 1 8 3 2 4 1 
2391 1 8 3 3 1 72 
2392 1 8 3 3 2 37 
2393 1 8 3 3 4 1 
2394 1 8 4 1 1 92 
2395 1 8 4 1 4 1 
2396 1 8 4 3 1 92 
2397 1 8 4 3 4 1 
2398 1 9 1 1 4 1 
2399 1 9 1 2 2 26 
2400 1 9 1 2 4 1 
2401 1 9 1 3 4 1 
2402 1 9 2 1 1 60 
2403 1 9 2 1 4 1 
2404 1 9 2 2 4 1 
2405 1 9 2 2 4 16 
2406 1 9 2 3 1 60 
2407 1 9 2 3 4 1 
2408 1 9 3 1 1 72 
2409 1 9 3 1 4 1 
2410 1 9 3 2 4 1 
2411 1 9 3 3 1 72 
2412 1 9 3 3 4 1 
2413 1 9 4 1 1 48 
2414 1 9 4 1 4 1 
2415 1 9 4 3 1 48 
2416 1 9 4 3 4 1 
2417 1 10 1 1 4 1 
2418 1 10 1 2 2 1 
2419 1 10 1 2 4 1 
2420 1 10 1 3 4 1 
2421 1 10 2 1 1 60 
2422 1 10 2 1 4 1 
2423 1 10 2 2 4 1 
2424 1 10 2 3 1 60 
2425 1 10 2 3 3 33 
2426 1 10 2 3 4 1 
2427 1 10 2 3 4 52 
2428 1 10 3 1 1 65 
2429 1 10 3 1 1 66 
2430 1 10 3 1 1 67 
2431 1 10 3 1 1 68 
2432 1 10 3 1 1 69 
2433 1 10 3 1 1 70 
2434 1 10 3 1 1 71 
2435 1 10 3 1 1 72 
2436 1 10 3 1 2 65 
2437 1 10 3 1 2 66 
2438 1 10 3 1 2 67 
2439 1 10 3 1 2 68 
2440 1 10 3 1 2 69 
2441 1 10 3 1 2 70 
2442 1 10 3 1 2 71 
2443 1 10 3 1 2 72 
2444 1 10 3 1 3 3 
2445 1 10 3 1 3 65 
2446 1 10 3 1 3 66 
2447 1 10 3 1 3 67 
2448 1 10 3 1 3 68 
2449 1 10 3 1 3 69 
2450 1 10 3 1 3 70 
2451 1 10 3 1 3 71 
2452 1 10 3 1 3 72 
2453 1 10 3 1 4 1 
2454 1 10 3 1 4 65 
2455 1 10 3 1 4 66 
2456 1 10 3 1 4 67 
2457 1 10 3 1 4 68 
2458 1 10 3 1 4 69 
2459 1 10 3 1 4 70 
2460 1 10 3 1 4 71 
2461 1 10 3 1 4 72 
2462 1 10 3 2 4 1 
2463 1 10 3 2 4 20 
2464 1 10 3 3 1 65 
2465 1 10 3 3 1 66 
2466 1 10 3 3 1 67 
2467 1 10 3 3 1 68 
2468 1 10 3 3 1 69 
2469 1 10 3 3 1 70 
2470 1 10 3 3 1 71 
2471 1 10 3 3 1 72 
2472 1 10 3 3 2 65 
2473 1 10 3 3 2 66 
2474 1 10 3 3 2 67 
2475 1 10 3 3 2 68 
2476 1 10 3 3 2 69 
2477 1 10 3 3 2 70 
2478 1 10 3 3 2 71 
2479 1 10 3 3 2 72 
2480 1 10 3 3 3 65 
2481 1 10 3 3 3 66 
2482 1 10 3 3 3 67 
2483 1 10 3 3 3 68 
2484 1 10 3 3 3 69 
2485 1 10 3 3 3 70 
2486 1 10 3 3 3 71 
2487 1 10 3 3 3 72 
2488 1 10 3 3 4 1 
2489 1 10 3 3 4 65 
2490 1 10 3 3 4 66 
2491 1 10 3 3 4 67 
2492 1 10 3 3 4 68 
2493 1 10 3 3 4 69 
2494 1 10 3 3 4 70 
2495 1 10 3 3 4 71 
2496 1 10 3 3 4 72 
2497 1 10 4 1 1 10 
2498 1 10 4 1 1 60 
2499 1 10 4 1 4 1 
2500 1 10 4 1 4 46 
2501 1 10 4 3 1 40 
2502 1 10 4 3 1 60 
2503 1 10 4 3 2 6 
2504 1 10 4 3 2 7 
2505 1 10 4 3 2 30 
2506 1 10 4 3 4 1 
2507 1 11 1 1 1 14 
2508 1 11 1 1 4 1 
2509 1 11 1 2 4 1 
2510 1 11 1 3 4 1 
2511 1 11 2 1 1 60 
2512 1 11 2 1 4 1 
2513 1 11 2 2 4 1 
2514 1 11 2 3 1 60 
2515 1 11 2 3 2 12 
2516 1 11 2 3 4 1 
2517 1 11 3 1 1 72 
2518 1 11 3 1 4 1 
2519 1 11 3 2 4 1 
2520 1 11 3 3 1 40 
2521 1 11 3 3 1 72 
2522 1 11 3 3 4 1 
2523 1 11 4 1 1 48 
2524 1 11 4 1 4 1 
2525 1 11 4 3 1 48 
2526 1 11 4 3 4 1 
2527 1 12 1 1 1 3 
2528 1 12 1 1 4 1 
2529 1 12 1 2 4 1 
2530 1 12 1 3 4 1 
2531 1 12 2 1 1 60 
2532 1 12 2 1 4 1 
2533 1 12 2 2 4 1 
2534 1 12 2 3 1 16 
2535 1 12 2 3 1 41 
2536 1 12 2 3 1 60 
2537 1 12 2 3 3 25 
2538 1 12 2 3 4 1 
2539 1 12 3 1 1 49 
2540 1 12 3 1 1 50 
2541 1 12 3 1 1 51 
2542 1 12 3 1 1 52 
2543 1 12 3 1 1 53 
2544 1 12 3 1 1 54 
2545 1 12 3 1 1 55 
2546 1 12 3 1 1 56 
2547 1 12 3 1 1 57 
2548 1 12 3 1 1 58 
2549 1 12 3 1 1 59 
2550 1 12 3 1 1 60 
2551 1 12 3 1 1 61 
2552 1 12 3 1 1 62 
2553 1 12 3 1 1 63 
2554 1 12 3 1 1 64 
2555 1 12 3 1 1 72 
2556 1 12 3 1 2 49 
2557 1 12 3 1 2 50 
2558 1 12 3 1 2 51 
2559 1 12 3 1 2 52 
2560 1 12 3 1 2 53 
2561 1 12 3 1 2 55 
2562 1 12 3 1 2 56 
2563 1 12 3 1 2 57 
2564 1 12 3 1 2 59 
2565 1 12 3 1 2 60 
2566 1 12 3 1 2 61 
2567 1 12 3 1 2 62 
2568 1 12 3 1 2 63 
2569 1 12 3 1 2 64 
2570 1 12 3 1 3 49 
2571 1 12 3 1 3 50 
2572 1 12 3 1 3 51 
2573 1 12 3 1 3 52 
2574 1 12 3 1 3 53 
2575 1 12 3 1 3 54 
2576 1 12 3 1 3 55 
2577 1 12 3 1 3 56 
2578 1 12 3 1 3 57 
2579 1 12 3 1 3 58 
2580 1 12 3 1 3 59 
2581 1 12 3 1 3 60 
2582 1 12 3 1 3 61 
2583 1 12 3 1 3 62 
2584 1 12 3 1 3 63 
2585 1 12 3 1 3 64 
2586 1 12 3 1 4 1 
2587 1 12 3 1 4 49 
2588 1 12 3 1 4 50 
2589 1 12 3 1 4 51 
2590 1 12 3 1 4 52 
2591 1 12 3 1 4 53 
2592 1 12 3 1 4 54 
2593 1 12 3 1 4 55 
2594 1 12 3 1 4 56 
2595 1 12 3 1 4 57 
2596 1 12 3 1 4 58 
2597 1 12 3 1 4 59 
2598 1 12 3 1 4 60 
2599 1 12 3 1 4 61 
2600 1 12 3 1 4 62 
2601 1 12 3 1 4 63 
2602 1 12 3 1 4 64 
2603 1 12 3 2 4 1 
2604 1 12 3 3 1 49 
2605 1 12 3 3 1 50 
2606 1 12 3 3 1 51 
2607 1 12 3 3 1 52 
2608 1 12 3 3 1 53 
2609 1 12 3 3 1 54 
2610 1 12 3 3 1 55 
2611 1 12 3 3 1 56 
2612 1 12 3 3 1 57 
2613 1 12 3 3 1 58 
2614 1 12 3 3 1 59 
2615 1 12 3 3 1 60 
2616 1 12 3 3 1 61 
2617 1 12 3 3 1 62 
2618 1 12 3 3 1 63 
2619 1 12 3 3 1 64 
2620 1 12 3 3 1 72 
2621 1 12 3 3 2 49 
2622 1 12 3 3 2 50 
2623 1 12 3 3 2 51 
2624 1 12 3 3 2 52 
2625 1 12 3 3 2 53 
2626 1 12 3 3 2 54 
2627 1 12 3 3 2 55 
2628 1 12 3 3 2 57 
2629 1 12 3 3 2 58 
2630 1 12 3 3 2 59 
2631 1 12 3 3 2 60 
2632 1 12 3 3 2 61 
2633 1 12 3 3 2 62 
2634 1 12 3 3 2 63 
2635 1 12 3 3 2 64 
2636 1 12 3 3 3 49 
2637 1 12 3 3 3 50 
2638 1 12 3 3 3 51 
2639 1 12 3 3 3 52 
2640 1 12 3 3 3 53 
2641 1 12 3 3 3 54 
2642 1 12 3 3 3 55 
2643 1 12 3 3 3 56 
2644 1 12 3 3 3 57 
2645 1 12 3 3 3 58 
2646 1 12 3 3 3 59 
2647 1 12 3 3 3 60 
2648 1 12 3 3 3 61 
2649 1 12 3 3 3 62 
2650 1 12 3 3 3 63 
2651 1 12 3 3 3 64 
2652 1 12 3 3 4 1 
2653 1 12 3 3 4 49 
2654 1 12 3 3 4 50 
2655 1 12 3 3 4 51 
2656 1 12 3 3 4 52 
2657 1 12 3 3 4 53 
2658 1 12 3 3 4 54 
2659 1 12 3 3 4 55 
2660 1 12 3 3 4 56 
2661 1 12 3 3 4 57 
2662 1 12 3 3 4 58 
2663 1 12 3 3 4 59 
2664 1 12 3 3 4 60 
2665 1 12 3 3 4 61 
2666 1 12 3 3 4 62 
2667 1 12 3 3 4 63 
2668 1 12 3 3 4 64 
2669 1 12 4 1 1 92 
2670 1 12 4 1 4 1 
2671 1 12 4 3 1 92 
2672 1 12 4 3 4 1 
2673 1 13 4 1 1 72 
2674 1 13 4 1 4 1 
2675 1 13 4 3 1 72 
2676 1 13 4 3 4 1 
2677 1 14 4 1 1 33 
2678 1 14 4 1 1 34 
2679 1 14 4 1 1 35 
2680 1 14 4 1 1 36 
2681 1 14 4 1 1 37 
2682 1 14 4 1 1 38 
2683 1 14 4 1 1 39 
2684 1 14 4 1 1 40 
2685 1 14 4 1 1 41 
2686 1 14 4 1 1 42 
2687 1 14 4 1 1 43 
2688 1 14 4 1 1 44 
2689 1 14 4 1 1 45 
2690 1 14 4 1 1 46 
2691 1 14 4 1 1 47 
2692 1 14 4 1 1 48 
2693 1 14 4 1 1 60 
2694 1 14 4 1 2 33 
2695 1 14 4 1 2 34 
2696 1 14 4 1 2 35 
2697 1 14 4 1 2 36 
2698 1 14 4 1 2 37 
2699 1 14 4 1 2 38 
2700 1 14 4 1 2 39 
2701 1 14 4 1 2 40 
2702 1 14 4 1 2 41 
2703 1 14 4 1 2 42 
2704 1 14 4 1 2 44 
2705 1 14 4 1 2 45 
2706 1 14 4 1 2 46 
2707 1 14 4 1 2 47 
2708 1 14 4 1 2 48 
2709 1 14 4 1 3 33 
2710 1 14 4 1 3 34 
2711 1 14 4 1 3 35 
2712 1 14 4 1 3 36 
2713 1 14 4 1 3 37 
2714 1 14 4 1 3 38 
2715 1 14 4 1 3 39 
2716 1 14 4 1 3 40 
2717 1 14 4 1 3 41 
2718 1 14 4 1 3 42 
2719 1 14 4 1 3 43 
2720 1 14 4 1 3 44 
2721 1 14 4 1 3 45 
2722 1 14 4 1 3 46 
2723 1 14 4 1 3 47 
2724 1 14 4 1 3 48 
2725 1 14 4 1 3 53 
2726 1 14 4 1 4 1 
2727 1 14 4 1 4 33 
2728 1 14 4 1 4 34 
2729 1 14 4 1 4 35 
2730 1 14 4 1 4 36 
2731 1 14 4 1 4 37 
2732 1 14 4 1 4 38 
2733 1 14 4 1 4 39 
2734 1 14 4 1 4 40 
2735 1 14 4 1 4 41 
2736 1 14 4 1 4 42 
2737 1 14 4 1 4 43 
2738 1 14 4 1 4 44 
2739 1 14 4 1 4 45 
2740 1 14 4 1 4 46 
2741 1 14 4 1 4 47 
2742 1 14 4 1 4 48 
2743 1 14 4 3 1 24 
2744 1 14 4 3 1 33 
2745 1 14 4 3 1 34 
2746 1 14 4 3 1 35 
2747 1 14 4 3 1 36 
2748 1 14 4 3 1 37 
2749 1 14 4 3 1 38 
2750 1 14 4 3 1 39 
2751 1 14 4 3 1 40 
2752 1 14 4 3 1 41 
2753 1 14 4 3 1 42 
2754 1 14 4 3 1 43 
2755 1 14 4 3 1 44 
2756 1 14 4 3 1 45 
2757 1 14 4 3 1 46 
2758 1 14 4 3 1 47 
2759 1 14 4 3 1 48 
2760 1 14 4 3 1 60 
2761 1 14 4 3 2 25 
2762 1 14 4 3 2 27 
2763 1 14 4 3 2 33 
2764 1 14 4 3 2 34 
2765 1 14 4 3 2 35 
2766 1 14 4 3 2 36 
2767 1 14 4 3 2 37 
2768 1 14 4 3 2 38 
2769 1 14 4 3 2 39 
2770 1 14 4 3 2 40 
2771 1 14 4 3 2 41 
2772 1 14 4 3 2 42 
2773 1 14 4 3 2 43 
2774 1 14 4 3 2 44 
2775 1 14 4 3 2 45 
2776 1 14 4 3 2 46 
2777 1 14 4 3 2 47 
2778 1 14 4 3 2 48 
2779 1 14 4 3 3 33 
2780 1 14 4 3 3 34 
2781 1 14 4 3 3 35 
2782 1 14 4 3 3 36 
2783 1 14 4 3 3 37 
2784 1 14 4 3 3 38 
2785 1 14 4 3 3 39 
2786 1 14 4 3 3 40 
2787 1 14 4 3 3 41 
2788 1 14 4 3 3 42 
2789 1 14 4 3 3 43 
2790 1 14 4 3 3 44 
2791 1 14 4 3 3 45 
2792 1 14 4 3 3 46 
2793 1 14 4 3 3 47 
2794 1 14 4 3 3 48 
2795 1 14 4 3 4 1 
2796 1 14 4 3 4 33 
2797 1 14 4 3 4 34 
2798 1 14 4 3 4 35 
2799 1 14 4 3 4 36 
2800 1 14 4 3 4 37 
2801 1 14 4 3 4 38 
2802 1 14 4 3 4 39 
2803 1 14 4 3 4 40 
2804 1 14 4 3 4 41 
2805 1 14 4 3 4 42 
2806 1 14 4 3 4 43 
2807 1 14 4 3 4 44 
2808 1 14 4 3 4 45 
2809 1 14 4 3 4 46 
2810 1 14 4 3 4 47 
2811 1 14 4 3 4 48 
2812 2 1 1 1 1 19 
2813 2 1 1 1 2 7 
2814 2 1 1 1 4 1 
2815 2 1 1 2 4 1 
2816 2 1 1 3 4 1 
2817 2 1 2 1 1 60 
2818 2 1 2 1 4 1 
2819 2 1 2 2 4 1 
2820 2 1 2 3 1 60 
2821 2 1 2 3 4 1 
2822 2 1 3 1 1 71 
2823 2 1 3 1 1 72 
2824 2 1 3 1 3 70 
2825 2 1 3 1 3 71 
2826 2 1 3 1 3 72 
2827 2 1 3 1 4 1 
2828 2 1 3 2 1 33 
2829 2 1 3 2 1 34 
2830 2 1 3 2 1 35 
2831 2 1 3 2 1 36 
2832 2 1 3 2 1 37 
2833 2 1 3 2 1 38 
2834 2 1 3 2 1 39 
2835 2 1 3 2 1 40 
2836 2 1 3 2 1 41 
2837 2 1 3 2 1 42 
2838 2 1 3 2 1 43 
2839 2 1 3 2 1 44 
2840 2 1 3 2 1 45 
2841 2 1 3 2 1 46 
2842 2 1 3 2 1 47 
2843 2 1 3 2 1 48 
2844 2 1 3 2 1 49 
2845 2 1 3 2 1 50 
2846 2 1 3 2 1 51 
2847 2 1 3 2 1 52 
2848 2 1 3 2 1 53 
2849 2 1 3 2 1 54 
2850 2 1 3 2 1 55 
2851 2 1 3 2 1 56 
2852 2 1 3 2 1 57 
2853 2 1 3 2 2 33 
2854 2 1 3 2 2 34 
2855 2 1 3 2 2 35 
2856 2 1 3 2 2 36 
2857 2 1 3 2 2 37 
2858 2 1 3 2 2 38 
2859 2 1 3 2 2 39 
2860 2 1 3 2 2 40 
2861 2 1 3 2 2 41 
2862 2 1 3 2 2 42 
2863 2 1 3 2 2 43 
2864 2 1 3 2 2 44 
2865 2 1 3 2 2 45 
2866 2 1 3 2 2 46 
2867 2 1 3 2 2 47 
2868 2 1 3 2 2 48 
2869 2 1 3 2 2 49 
2870 2 1 3 2 2 50 
2871 2 1 3 2 2 51 
2872 2 1 3 2 2 52 
2873 2 1 3 2 2 53 
2874 2 1 3 2 2 54 
2875 2 1 3 2 2 55 
2876 2 1 3 2 2 56 
2877 2 1 3 2 2 57 
2878 2 1 3 2 3 33 
2879 2 1 3 2 3 34 
2880 2 1 3 2 3 35 
2881 2 1 3 2 3 36 
2882 2 1 3 2 3 37 
2883 2 1 3 2 3 38 
2884 2 1 3 2 3 39 
2885 2 1 3 2 3 40 
2886 2 1 3 2 3 41 
2887 2 1 3 2 3 42 
2888 2 1 3 2 3 43 
2889 2 1 3 2 3 44 
2890 2 1 3 2 3 45 
2891 2 1 3 2 3 46 
2892 2 1 3 2 3 47 
2893 2 1 3 2 3 48 
2894 2 1 3 2 3 49 
2895 2 1 3 2 3 50 
2896 2 1 3 2 3 51 
2897 2 1 3 2 3 52 
2898 2 1 3 2 3 53 
2899 2 1 3 2 3 54 
2900 2 1 3 2 3 55 
2901 2 1 3 2 3 56 
2902 2 1 3 2 3 57 
2903 2 1 3 2 4 1 
2904 2 1 3 2 4 33 
2905 2 1 3 2 4 34 
2906 2 1 3 2 4 35 
2907 2 1 3 2 4 36 
2908 2 1 3 2 4 37 
2909 2 1 3 2 4 38 
2910 2 1 3 2 4 39 
2911 2 1 3 2 4 40 
2912 2 1 3 2 4 41 
2913 2 1 3 2 4 42 
2914 2 1 3 2 4 43 
2915 2 1 3 2 4 44 
2916 2 1 3 2 4 45 
2917 2 1 3 2 4 46 
2918 2 1 3 2 4 47 
2919 2 1 3 2 4 48 
2920 2 1 3 2 4 49 
2921 2 1 3 2 4 50 
2922 2 1 3 2 4 51 
2923 2 1 3 2 4 52 
2924 2 1 3 2 4 53 
2925 2 1 3 2 4 54 
2926 2 1 3 2 4 55 
2927 2 1 3 2 4 56 
2928 2 1 3 2 4 57 
2929 2 1 3 3 1 72 
2930 2 1 3 3 4 1 
2931 2 1 4 1 4 1 
2932 2 1 4 3 4 1 
2933 2 2 1 1 2 1 
2934 2 2 1 1 4 1 
2935 2 2 1 2 4 1 
2936 2 2 1 3 4 1 
2937 2 2 2 1 1 60 
2938 2 2 2 1 3 33 
2939 2 2 2 1 3 34 
2940 2 2 2 1 3 35 
2941 2 2 2 1 3 36 
2942 2 2 2 1 3 37 
2943 2 2 2 1 3 38 
2944 2 2 2 1 3 39 
2945 2 2 2 1 3 40 
2946 2 2 2 1 4 1 
2947 2 2 2 2 4 1 
2948 2 2 2 2 4 36 
2949 2 2 2 3 1 60 
2950 2 2 2 3 4 1 
2951 2 2 3 1 1 33 
2952 2 2 3 1 1 34 
2953 2 2 3 1 1 35 
2954 2 2 3 1 1 36 
2955 2 2 3 1 1 37 
2956 2 2 3 1 1 38 
2957 2 2 3 1 1 39 
2958 2 2 3 1 1 40 
2959 2 2 3 1 1 41 
2960 2 2 3 1 1 42 
2961 2 2 3 1 1 43 
2962 2 2 3 1 1 44 
2963 2 2 3 1 1 45 
2964 2 2 3 1 1 46 
2965 2 2 3 1 1 47 
2966 2 2 3 1 1 48 
2967 2 2 3 1 1 72 
2968 2 2 3 1 4 1 
2969 2 2 3 1 4 60 
2970 2 2 3 2 4 1 
2971 2 2 3 3 1 72 
2972 2 2 3 3 4 1 
2973 2 2 4 1 3 75 
2974 2 2 4 1 4 1 
2975 2 2 4 1 4 76 
2976 2 2 4 3 4 1 
2977 2 3 1 1 4 1 
2978 2 3 1 2 4 1 
2979 2 3 1 2 4 28 
2980 2 3 1 3 1 20 
2981 2 3 1 3 4 1 
2982 2 3 2 1 1 60 
2983 2 3 2 1 4 1 
2984 2 3 2 2 4 1 
2985 2 3 2 3 1 1 
2986 2 3 2 3 1 2 
2987 2 3 2 3 1 60 
2988 2 3 2 3 4 1 
2989 2 3 3 1 1 72 
2990 2 3 3 1 4 1 
2991 2 3 3 1 4 27 
2992 2 3 3 2 4 1 
2993 2 3 3 3 1 72 
2994 2 3 3 3 4 1 
2995 2 3 4 1 3 30 
2996 2 3 4 1 4 1 
2997 2 3 4 3 4 1 
2998 2 4 1 1 3 18 
2999 2 4 1 1 4 1 
3000 2 4 1 2 4 1 
3001 2 4 1 2 4 46 
3002 2 4 1 3 4 1 
3003 2 4 2 1 1 5 
3004 2 4 2 1 1 60 
3005 2 4 2 1 3 60 
3006 2 4 2 1 4 1 
3007 2 4 2 2 4 1 
3008 2 4 2 3 1 60 
3009 2 4 2 3 4 1 
3010 2 4 3 1 1 69 
3011 2 4 3 1 1 70 
3012 2 4 3 1 1 72 
3013 2 4 3 1 4 1 
3014 2 4 3 2 4 1 
3015 2 4 3 3 1 72 
3016 2 4 3 3 4 1 
3017 2 4 4 1 1 72 
3018 2 4 4 1 4 1 
3019 2 4 4 1 4 25 
3020 2 4 4 3 1 72 
3021 2 4 4 3 4 1 
3022 2 5 1 1 4 1 
3023 2 5 1 2 4 1 
3024 2 5 1 3 4 1 
3025 2 5 2 1 1 55 
3026 2 5 2 1 1 60 
3027 2 5 2 1 2 33 
3028 2 5 2 1 4 1 
3029 2 5 2 2 3 57 
3030 2 5 2 2 4 1 
3031 2 5 2 3 1 23 
3032 2 5 2 3 1 60 
3033 2 5 2 3 4 1 
3034 2 5 3 1 1 34 
3035 2 5 3 1 1 72 
3036 2 5 3 1 4 1 
3037 2 5 3 2 4 1 
3038 2 5 3 2 4 56 
3039 2 5 3 3 1 72 
3040 2 5 3 3 4 1 
3041 2 5 4 1 4 1 
3042 2 5 4 3 1 46 
3043 2 5 4 3 4 1 
3044 2 6 1 1 3 3 
3045 2 6 1 1 4 1 
3046 2 6 1 2 4 1 
3047 2 6 1 3 4 1 
3048 2 6 2 1 1 60 
3049 2 6 2 1 4 1 
3050 2 6 2 2 4 1 
3051 2 6 2 3 1 37 
3052 2 6 2 3 1 60 
3053 2 6 2 3 4 1 
3054 2 6 3 1 1 72 
3055 2 6 3 1 4 1 
3056 2 6 3 2 2 8 
3057 2 6 3 2 4 1 
3058 2 6 3 3 1 72 
3059 2 6 3 3 2 1 
3060 2 6 3 3 4 1 
3061 2 6 3 3 4 31 
3062 2 6 4 1 4 1 
3063 2 6 4 3 4 1 
3064 2 7 1 1 4 1 
3065 2 7 1 2 4 1 
3066 2 7 1 3 4 1 
3067 2 7 2 1 1 60 
3068 2 7 2 1 4 1 
3069 2 7 2 2 4 1 
3070 2 7 2 3 1 11 
3071 2 7 2 3 1 60 
3072 2 7 2 3 4 1 
3073 2 7 2 3 4 14 
3074 2 7 3 1 1 72 
3075 2 7 3 1 4 1 
3076 2 7 3 2 4 1 
3077 2 7 3 3 1 72 
3078 2 7 3 3 4 1 
3079 2 7 4 1 1 63 
3080 2 7 4 1 4 1 
3081 2 7 4 3 4 1 
3082 2 8 1 1 4 1 
3083 2 8 1 2 2 49 
3084 2 8 1 2 2 51 
3085 2 8 1 2 2 52 
3086 2 8 1 2 2 55 
3087 2 8 1 2 2 56 
3088 2 8 1 2 4 1 
3089 2 8 1 3 2 7 
3090 2 8 1 3 2 47 
3091 2 8 1 3 4 1 
3092 2 8 2 1 1 60 
3093 2 8 2 1 4 1 
3094 2 8 2 2 4 1 
3095 2 8 2 2 4 37 
3096 2 8 2 3 1 60 
3097 2 8 2 3 4 1 
3098 2 8 3 1 1 5 
3099 2 8 3 1 1 72 
3100 2 8 3 1 4 1 
3101 2 8 3 2 4 1 
3102 2 8 3 3 1 5 
3103 2 8 3 3 1 38 
3104 2 8 3 3 1 72 
3105 2 8 3 3 3 5 
3106 2 8 3 3 4 1 
3107 2 8 4 1 1 92 
3108 2 8 4 1 4 1 
3109 2 8 4 1 4 72 
3110 2 8 4 3 1 92 
3111 2 8 4 3 4 1 
3112 2 9 1 1 4 1 
3113 2 9 1 2 4 1 
3114 2 9 1 3 4 1 
3115 2 9 2 1 1 1 
3116 2 9 2 1 1 60 
3117 2 9 2 1 2 10 
3118 2 9 2 1 3 5 
3119 2 9 2 1 3 11 
3120 2 9 2 1 4 1 
3121 2 9 2 1 4 8 
3122 2 9 2 1 4 10 
3123 2 9 2 1 4 60 
3124 2 9 2 2 1 25 
3125 2 9 2 2 4 1 
3126 2 9 2 2 4 34 
3127 2 9 2 3 1 2 
3128 2 9 2 3 1 8 
3129 2 9 2 3 1 30 
3130 2 9 2 3 1 60 
3131 2 9 2 3 2 8 
3132 2 9 2 3 2 47 
3133 2 9 2 3 3 2 
3134 2 9 2 3 3 11 
3135 2 9 2 3 4 1 
3136 2 9 2 3 4 8 
3137 2 9 3 1 1 72 
3138 2 9 3 1 4 1 
3139 2 9 3 2 4 1 
3140 2 9 3 3 1 72 
3141 2 9 3 3 2 23 
3142 2 9 3 3 4 1 
3143 2 9 4 1 1 48 
3144 2 9 4 1 4 1 
3145 2 9 4 3 1 48 
3146 2 9 4 3 4 1 
3147 2 10 1 1 4 1 
3148 2 10 1 1 4 3 
3149 2 10 1 2 4 1 
3150 2 10 1 3 4 1 
3151 2 10 2 1 1 60 
3152 2 10 2 1 2 30 
3153 2 10 2 1 4 1 
3154 2 10 2 2 1 46 
3155 2 10 2 2 4 1 
3156 2 10 2 3 1 60 
3157 2 10 2 3 4 1 
3158 2 10 3 1 1 72 
3159 2 10 3 1 4 1 
3160 2 10 3 2 3 43 
3161 2 10 3 2 4 1 
3162 2 10 3 3 1 72 
3163 2 10 3 3 4 1 
3164 2 10 4 1 1 60 
3165 2 10 4 1 4 1 
3166 2 10 4 1 4 17 
3167 2 10 4 3 1 60 
3168 2 10 4 3 4 1 
3169 2 11 1 1 4 1 
3170 2 11 1 2 4 1 
3171 2 11 1 3 4 1 
3172 2 11 2 1 1 60 
3173 2 11 2 1 4 1 
3174 2 11 2 2 4 1 
3175 2 11 2 2 4 33 
3176 2 11 2 3 1 60 
3177 2 11 2 3 4 1 
3178 2 11 3 1 1 72 
3179 2 11 3 1 4 1 
3180 2 11 3 2 4 1 
3181 2 11 3 3 1 72 
3182 2 11 3 3 4 1 
3183 2 11 4 1 1 48 
3184 2 11 4 1 4 1 
3185 2 11 4 1 4 42 
3186 2 11 4 3 1 48 
3187 2 11 4 3 4 1 
3188 2 12 1 1 1 9 
3189 2 12 1 1 1 10 
3190 2 12 1 1 2 9 
3191 2 12 1 1 2 10 
3192 2 12 1 1 2 11 
3193 2 12 1 1 3 9 
3194 2 12 1 1 3 10 
3195 2 12 1 1 3 11 
3196 2 12 1 1 4 1 
3197 2 12 1 1 4 9 
3198 2 12 1 1 4 10 
3199 2 12 1 2 4 1 
3200 2 12 1 3 4 1 
3201 2 12 2 1 1 7 
3202 2 12 2 1 1 60 
3203 2 12 2 1 4 1 
3204 2 12 2 2 4 1 
3205 2 12 2 3 1 60 
3206 2 12 2 3 4 1 
3207 2 12 3 1 1 72 
3208 2 12 3 1 4 1 
3209 2 12 3 2 1 39 
3210 2 12 3 2 4 1 
3211 2 12 3 3 1 72 
3212 2 12 3 3 3 59 
3213 2 12 3 3 4 1 
3214 2 12 4 1 1 92 
3215 2 12 4 1 2 48 
3216 2 12 4 1 3 1 
3217 2 12 4 1 3 2 
3218 2 12 4 1 3 3 
3219 2 12 4 1 3 4 
3220 2 12 4 1 3 5 
3221 2 12 4 1 3 6 
3222 2 12 4 1 3 7 
3223 2 12 4 1 3 8 
3224 2 12 4 1 4 1 
3225 2 12 4 3 1 92 
3226 2 12 4 3 4 1 
3227 2 13 4 1 1 72 
3228 2 13 4 1 4 1 
3229 2 13 4 3 1 72 
3230 2 13 4 3 4 1 
3231 2 14 4 1 1 60 
3232 2 14 4 1 2 36 
3233 2 14 4 1 4 1 
3234 2 14 4 3 1 60 
3235 2 14 4 3 3 52 
3236 2 14 4 3 4 1 
3237 2 14 4 3 4 59 
0 0 0 0 0 0 0 0 
3237 dead wires of out 172504
